102.98399999999999	1936
106.06100000000001	1970
109.136	1944
112.209	1964
115.28100000000001	1926
118.351	1928
121.42	1930
124.48699999999999	1944
127.55200000000001	1888
130.61600000000001	1900
133.679	1904
136.74000000000001	1894
139.79900000000001	1844
142.857	1882
145.91399999999999	1892
148.96899999999999	1884
152.023	1862
155.07400000000001	1824
158.124	1790
161.173	1836
164.22	1850
167.26599999999999	1890
170.31	1884
173.35300000000001	1904
176.39400000000001	1992
179.434	2022
182.47200000000001	1974
185.50899999999999	1930
188.54400000000001	1808
191.577	1812
194.61000000000001	1796
197.64099999999999	1748
200.66999999999999	1764
203.69800000000001	1746
206.72399999999999	1774
209.74799999999999	1742
212.77199999999999	1812
215.792	1854
218.81299999999999	2086
221.83199999999999	2252
224.84899999999999	2402
227.864	2368
230.87799999999999	2202
233.89099999999999	1876
236.90199999999999	1820
239.911	1782
242.91999999999999	1782
245.92599999999999	1734
248.93100000000001	1744
251.935	1738
254.93700000000001	1716
257.93799999999999	1644
260.93700000000001	1676
263.935	1684
266.93099999999998	1656
269.92599999999999	1678
272.91899999999998	1748
275.911	1756
278.90100000000001	1804
281.88999999999999	1978
284.87799999999999	2286
287.863	2660
290.84800000000001	2932
293.82999999999998	3112
296.81200000000001	2924
299.791	2644
302.76999999999998	2312
305.74700000000001	2084
308.72300000000001	1898
311.697	1792
314.66899999999998	1706
317.63999999999999	1656
320.60899999999998	1638
323.57799999999997	1614
326.54500000000002	1576
329.50999999999999	1570
332.47300000000001	1556
335.43599999999998	1524
338.39699999999999	1522
341.35599999999999	1550
344.31400000000002	1532
347.26999999999998	1532
350.22500000000002	1492
353.178	1548
356.13099999999997	1466
359.08100000000002	1492
362.03100000000001	1534
364.97800000000001	1498
367.92399999999998	1528
370.87	1512
373.81299999999999	1528
376.75400000000002	1438
379.69499999999999	1510
382.63400000000001	1500
385.57100000000003	1494
388.50700000000001	1530
391.44200000000001	1558
394.375	1532
397.30700000000002	1618
400.23700000000002	1708
403.16500000000002	1904
406.09300000000002	2100
409.01900000000001	2342
411.94400000000002	2394
414.86599999999999	2388
417.78899999999999	2132
420.709	1858
423.62700000000001	1690
426.54399999999998	1618
429.45999999999998	1550
432.375	1496
435.28800000000001	1442
438.19900000000001	1430
441.10899999999998	1420
444.01799999999997	1408
446.92599999999999	1404
449.83100000000002	1386
452.73599999999999	1354
455.63900000000001	1348
458.54000000000002	1380
461.44	1366
464.339	1352
467.23599999999999	1368
470.13200000000001	1356
473.02699999999999	1378
475.92000000000002	1344
478.81099999999998	1356
481.702	1380
484.58999999999997	1440
487.47800000000001	1436
490.36399999999998	1496
493.24799999999999	1518
496.13099999999997	1532
499.01299999999998	1512
501.89299999999997	1454
504.77199999999999	1392
507.649	1360
510.52600000000001	1368
513.39999999999998	1326
516.27300000000002	1302
519.14499999999998	1256
522.01599999999996	1294
524.88499999999999	1280
527.75199999999995	1262
530.61800000000005	1304
533.48299999999995	1242
536.34699999999998	1262
539.20799999999997	1262
542.06899999999996	1260
544.928	1256
547.78599999999994	1234
550.64200000000005	1214
553.49699999999996	1260
556.351	1216
559.20299999999997	1222
562.053	1262
564.90300000000002	1194
567.75099999999998	1214
570.59699999999998	1232
573.44200000000001	1222
576.28599999999994	1200
579.12900000000002	1208
581.97000000000003	1226
584.80999999999995	1216
587.64800000000002	1214
590.48500000000001	1228
593.32000000000005	1268
596.154	1260
598.98699999999997	1312
601.81899999999996	1348
604.649	1390
607.47699999999998	1468
610.30399999999997	1554
613.13	1546
615.95399999999995	1578
618.77700000000004	1500
621.59900000000005	1422
624.41999999999996	1342
627.23800000000006	1270
630.05600000000004	1220
632.87199999999996	1220
635.68700000000001	1182
638.5	1132
641.31299999999999	1156
644.12300000000005	1106
646.93200000000002	1148
649.74000000000001	1094
652.54700000000003	1124
655.35199999999998	1092
658.15599999999995	1156
660.95799999999997	1128
663.75999999999999	1184
666.55899999999997	1202
669.35799999999995	1174
672.15499999999997	1158
674.95000000000005	1136
677.74400000000003	1066
680.53800000000001	1070
683.32899999999995	1070
686.11900000000003	1048
688.90800000000002	1054
691.69500000000005	1036
694.48199999999997	1010
697.26700000000005	1030
700.04999999999995	1012
702.83299999999997	1010
705.61300000000006	1010
708.39300000000003	1010
711.16999999999996	1016
713.947	1000
716.72199999999998	982
719.49599999999998	988
722.26900000000001	986
725.04100000000005	1006
727.80999999999995	962
730.57899999999995	972
733.346	966
736.11300000000006	972
738.87699999999995	956
741.63999999999999	962
744.40200000000004	958
747.16200000000003	958
749.92200000000003	958
752.67999999999995	938
755.43600000000004	940
758.19100000000003	924
760.94600000000003	952
763.69799999999998	936
766.44899999999996	926
769.19899999999996	926
771.947	918
774.69500000000005	948
777.44100000000003	932
780.18499999999995	928
782.92899999999997	910
785.66999999999996	932
788.41099999999994	904
791.14999999999998	932
793.88800000000003	906
796.625	890
799.36000000000001	904
802.09400000000005	908
804.82600000000002	902
807.55799999999999	888
810.28700000000003	892
813.01599999999996	890
815.74400000000003	902
818.47000000000003	864
821.19399999999996	894
823.91800000000001	852
826.63999999999999	854
829.36099999999999	870
832.08000000000004	866
834.798	864
837.51499999999999	860
840.23099999999999	840
842.94399999999996	856
845.65800000000002	848
848.37	852
851.07899999999995	860
853.78800000000001	838
856.49599999999998	842
859.202	850
861.90700000000004	846
864.61099999999999	844
867.31399999999996	816
870.01499999999999	826
872.71500000000003	824
875.41300000000001	834
878.11000000000001	820
880.80700000000002	826
883.50099999999998	786
886.19399999999996	812
888.88599999999997	828
891.577	812
894.26599999999996	800
896.95500000000004	822
899.64099999999996	798
902.327	780
905.01099999999997	778
907.69399999999996	782
910.37599999999998	780
913.05600000000004	774
915.73599999999999	770
918.41300000000001	796
921.08900000000006	782
923.76499999999999	754
926.43799999999999	758
929.11099999999999	752
931.78300000000002	764
934.45299999999997	754
937.12199999999996	770
939.78899999999999	758
942.45600000000002	746
945.12	762
947.78399999999999	754
950.447	740
953.10799999999995	750
955.76700000000005	742
958.42600000000004	734
961.08299999999997	742
963.73900000000003	732
966.39400000000001	758
969.04700000000003	734
971.69899999999996	736
974.351	748
977	710
979.64800000000002	742
982.29600000000005	750
984.94200000000001	758
987.58600000000001	776
990.22900000000004	762
992.87099999999998	788
995.51199999999994	820
998.15099999999995	932
1000.79	1212
1003.4299999999999	1656
1006.0599999999999	2014
1008.7	2036
1011.33	1524
1013.96	1034
1016.59	824
1019.22	770
1021.85	738
1024.48	720
1027.0999999999999	708
1029.73	708
1032.3499999999999	708
1034.97	682
1037.5899999999999	692
1040.21	688
1042.8299999999999	684
1045.45	684
1048.0599999999999	698
1050.6800000000001	670
1053.29	684
1055.9000000000001	682
1058.51	680
1061.1199999999999	684
1063.73	668
1066.3399999999999	660
1068.9400000000001	666
1071.55	666
1074.1500000000001	656
1076.75	656
1079.3499999999999	658
1081.95	678
1084.55	670
1087.1500000000001	648
1089.74	680
1092.3399999999999	640
1094.9300000000001	622
1097.52	630
1100.1099999999999	688
1102.7	636
1105.29	650
1107.8800000000001	680
1110.46	656
1113.05	668
1115.6300000000001	684
1118.21	658
1120.79	680
1123.3699999999999	686
1125.95	730
1128.53	740
1131.0999999999999	782
1133.6800000000001	808
1136.25	820
1138.8199999999999	750
1141.3900000000001	708
1143.96	700
1146.53	684
1149.0999999999999	674
1151.6700000000001	668
1154.23	642
1156.8	638
1159.3599999999999	640
1161.9200000000001	606
1164.48	620
1167.04	610
1169.5999999999999	604
1172.1500000000001	588
1174.71	602
1177.26	602
1179.8099999999999	610
1182.3599999999999	614
1184.9200000000001	602
1187.46	612
1190.01	580
1192.5599999999999	594
1195.0999999999999	586
1197.6500000000001	598
1200.1900000000001	578
1202.73	596
1205.27	592
1207.8099999999999	600
1210.3499999999999	576
1212.8900000000001	570
1215.4300000000001	572
1217.96	582
1220.49	590
1223.02	578
1225.5599999999999	566
1228.0899999999999	590
1230.6099999999999	584
1233.1400000000001	578
1235.6700000000001	592
1238.1900000000001	574
1240.72	568
1243.24	560
1245.76	574
1248.28	570
1250.8	572
1253.3199999999999	578
1255.8299999999999	568
1258.3499999999999	556
1260.8599999999999	570
1263.3800000000001	588
1265.8900000000001	572
1268.4000000000001	562
1270.9100000000001	564
1273.4200000000001	564
1275.9200000000001	558
1278.4300000000001	576
1280.9400000000001	586
1283.4400000000001	568
1285.9400000000001	574
1288.4400000000001	578
1290.9400000000001	594
1293.4400000000001	572
1295.9400000000001	594
1298.4400000000001	582
1300.9300000000001	568
1303.4200000000001	592
1305.9200000000001	562
1308.4100000000001	562
1310.9000000000001	594
1313.3900000000001	562
1315.8800000000001	576
1318.3599999999999	576
1320.8499999999999	554
1323.3299999999999	554
1325.8199999999999	540
1328.3	558
1330.78	546
1333.26	546
1335.74	544
1338.22	536
1340.6900000000001	538
1343.1700000000001	522
1345.6400000000001	516
1348.1199999999999	530
1350.5899999999999	492
1353.0599999999999	500
1355.53	508
1358	496
1360.46	492
1362.9300000000001	500
1365.4000000000001	466
1367.8599999999999	494
1370.3199999999999	482
1372.78	484
1375.24	484
1377.7	458
1380.1600000000001	456
1382.6199999999999	474
1385.0699999999999	452
1387.53	462
1389.98	458
1392.4300000000001	454
1394.8800000000001	452
1397.3299999999999	450
1399.78	452
1402.23	454
1404.6800000000001	452
1407.1199999999999	448
1409.5599999999999	444
1412.01	446
1414.45	422
1416.8900000000001	438
1419.3299999999999	426
1421.77	436
1424.2	426
1426.6400000000001	432
1429.0799999999999	434
1431.51	428
1433.9400000000001	434
1436.3699999999999	430
1438.8	428
1441.23	420
1443.6600000000001	420
1446.0899999999999	420
1448.51	440
1450.9400000000001	412
1453.3599999999999	414
1455.78	426
1458.2	420
1460.6199999999999	416
1463.04	418
1465.46	416
1467.8800000000001	424
1470.29	414
1472.71	404
1475.1199999999999	406
1477.53	404
1479.9400000000001	424
1482.3499999999999	398
1484.76	402
1487.1700000000001	420
1489.5799999999999	412
1491.98	418
1494.3900000000001	406
1496.79	420
1499.1900000000001	410
1501.5899999999999	420
1503.99	418
1506.3900000000001	420
1508.79	442
1511.1800000000001	436
1513.5799999999999	416
1515.97	386
1518.3699999999999	398
1520.76	400
1523.1500000000001	390
1525.54	388
1527.9300000000001	382
1530.3099999999999	378
1532.7	390
1535.0899999999999	372
1537.47	364
1539.8499999999999	396
1542.23	378
1544.6099999999999	372
1546.99	374
1549.3699999999999	382
1551.75	366
1554.1300000000001	358
1556.5	354
1558.8699999999999	358
1561.25	370
1563.6199999999999	354
1565.99	358
1568.3599999999999	356
1570.73	354
1573.0999999999999	342
1575.46	362
1577.8299999999999	350
1580.1900000000001	366
1582.55	332
1584.9200000000001	344
1587.28	326
1589.6400000000001	352
1591.99	340
1594.3499999999999	342
1596.71	334
1599.0599999999999	336
1601.4200000000001	356
1603.77	336
1606.1199999999999	320
1608.47	340
1610.8199999999999	326
1613.1700000000001	334
1615.52	332
1617.8699999999999	322
1620.21	332
1622.5599999999999	328
1624.9000000000001	330
1627.24	310
1629.5799999999999	318
1631.9200000000001	326
1634.26	320
1636.5999999999999	326
1638.9300000000001	318
1641.27	326
1643.5999999999999	308
1645.9400000000001	310
1648.27	308
1650.5999999999999	304
1652.9300000000001	316
1655.26	310
1657.5899999999999	320
1659.9200000000001	304
1662.24	320
1664.5699999999999	316
1666.8900000000001	304
1669.21	304
1671.53	288
1673.8499999999999	316
1676.1700000000001	316
1678.49	292
1680.8099999999999	292
1683.1300000000001	302
1685.4400000000001	308
1687.75	304
1690.0699999999999	298
1692.3800000000001	304
1694.6900000000001	294
1697	296
1699.3099999999999	284
1701.6199999999999	302
1703.9200000000001	294
1706.23	280
1708.53	288
1710.8399999999999	286
1713.1400000000001	284
1715.4400000000001	282
1717.74	280
1720.04	262
1722.3299999999999	268
1724.6300000000001	284
1726.9300000000001	268
1729.22	272
1731.52	258
1733.8099999999999	260
1736.0999999999999	268
1738.3900000000001	266
1740.6800000000001	262
1742.97	272
1745.26	256
1747.54	260
1749.8299999999999	252
1752.1099999999999	268
1754.3900000000001	270
1756.6800000000001	246
1758.96	258
1761.24	262
1763.52	252
1765.79	250
1768.0699999999999	242
1770.3499999999999	248
1772.6199999999999	240
1774.8900000000001	246
1777.1700000000001	238
1779.4400000000001	250
1781.71	246
1783.98	244
1786.25	238
1788.51	240
1790.78	250
1793.04	228
1795.3099999999999	252
1797.5699999999999	238
1799.8299999999999	236
1802.0899999999999	232
1804.3499999999999	234
1806.6099999999999	222
1808.8699999999999	236
1811.1300000000001	230
1813.3800000000001	222
1815.6400000000001	220
1817.8900000000001	230
1820.1400000000001	232
1822.4000000000001	218
1824.6500000000001	210
1826.9000000000001	224
1829.1400000000001	230
1831.3900000000001	192
1833.6400000000001	212
1835.8800000000001	206
1838.1300000000001	208
1840.3699999999999	216
1842.6099999999999	224
1844.8499999999999	214
1847.0899999999999	216
1849.3299999999999	212
1851.5699999999999	212
1853.8099999999999	190
1856.05	192
1858.28	202
1860.51	208
1862.75	196
1864.98	202
1867.21	194
1869.4400000000001	190
1871.6700000000001	202
1873.9000000000001	200
1876.1199999999999	196
1878.3499999999999	198
1880.5699999999999	196
1882.8	194
1885.02	194
1887.24	202
1889.46	188
1891.6800000000001	196
1893.9000000000001	196
1896.1199999999999	198
1898.3399999999999	184
1900.55	184
1902.77	180
1904.98	188
1907.1900000000001	182
1909.4000000000001	178
1911.6099999999999	186
1913.8199999999999	174
1916.03	186
1918.24	172
1920.4400000000001	172
1922.6500000000001	176
1924.8499999999999	178
1927.0599999999999	180
1929.26	174
1931.46	186
1933.6600000000001	172
1935.8599999999999	172
1938.0599999999999	172
1940.26	176
1942.45	176
1944.6500000000001	166
1946.8399999999999	170
1949.04	172
1951.23	170
1953.4200000000001	166
1955.6099999999999	174
1957.8	174
1959.99	162
1962.1700000000001	172
1964.3599999999999	164
1966.55	166
1968.73	166
1970.9100000000001	164
1973.0999999999999	160
1975.28	152
1977.46	158
1979.6400000000001	156
1981.8099999999999	152
1983.99	156
1986.1700000000001	160
1988.3399999999999	146
1990.52	152
1992.6900000000001	160
1994.8599999999999	142
1997.03	148
1999.2	150
2001.3699999999999	142
2003.54	148
2005.71	144
2007.8800000000001	150
2010.04	148
2012.21	136
2014.3699999999999	132
2016.53	142
2018.6900000000001	140
2020.8499999999999	146
2023.01	144
2025.1700000000001	140
2027.3299999999999	152
2029.48	132
2031.6400000000001	134
2033.79	140
2035.95	136
2038.0999999999999	142
2040.25	136
2042.4000000000001	130
2044.55	136
2046.7	134
2048.8499999999999	134
2050.9899999999998	134
2053.1399999999999	140
2055.2800000000002	130
2057.4299999999998	136
2059.5700000000002	130
2061.71	130
2063.8499999999999	124
2065.9899999999998	128
2068.1300000000001	128
2070.27	124
2072.4099999999999	126
2074.54	120
2076.6799999999998	118
2078.8099999999999	124
2080.9400000000001	124
2083.0799999999999	130
2085.21	130
2087.3400000000001	114
2089.4699999999998	120
2091.5900000000001	120
2093.7199999999998	116
2095.8499999999999	122
2097.9699999999998	116
2100.0999999999999	118
2102.2199999999998	106
2104.3400000000001	106
2106.46	110
2108.5799999999999	120
2110.6999999999998	112
2112.8200000000002	118
2114.9400000000001	114
2117.0500000000002	112
2119.1700000000001	118
2121.2800000000002	112
2123.4000000000001	116
2125.5100000000002	116
2127.6199999999999	110
2129.73	108
2131.8400000000001	108
2133.9499999999998	108
2136.0599999999999	108
2138.1700000000001	108
2140.27	112
2142.3800000000001	114
2144.48	110
2146.5799999999999	106
2148.6900000000001	110
2150.79	110
2152.8899999999999	112
2154.9899999999998	108
2157.0799999999999	100
2159.1799999999998	106
2161.2800000000002	110
2163.3699999999999	96
2165.4699999999998	102
2167.5599999999999	110
2169.6500000000001	104
2171.7399999999998	96
2173.8400000000001	98
2175.9299999999998	106
2178.0100000000002	94
2180.0999999999999	100
2182.1900000000001	104
2184.27	100
2186.3600000000001	108
2188.4400000000001	98
2190.5300000000002	94
2192.6100000000001	96
2194.6900000000001	94
2196.77	94
2198.8499999999999	94
2200.9299999999998	98
2203	100
2205.0799999999999	92
2207.1599999999999	102
2209.23	94
2211.3000000000002	100
2213.3800000000001	100
2215.4499999999998	98
2217.52	100
2219.5900000000001	98
2221.6599999999999	100
2223.73	92
2225.79	100
2227.8600000000001	86
2229.9200000000001	92
2231.9899999999998	96
2234.0500000000002	92
2236.1100000000001	86
2238.1799999999998	84
2240.2399999999998	88
2242.3000000000002	90
2244.3499999999999	96
2246.4099999999999	92
2248.4699999999998	88
2250.52	84
2252.5799999999999	84
2254.6300000000001	84
2256.6900000000001	90
2258.7399999999998	88
2260.79	84
2262.8400000000001	90
2264.8899999999999	84
2266.9400000000001	86
2268.98	84
2271.0300000000002	86
2273.0799999999999	84
2275.1199999999999	82
2277.1599999999999	82
2279.21	86
2281.25	84
2283.29	78
2285.3299999999999	84
2287.3699999999999	82
2289.4099999999999	88
2291.4499999999998	80
2293.48	70
2295.52	84
2297.5500000000002	76
2299.5799999999999	84
2301.6199999999999	82
2303.6500000000001	76
2305.6799999999998	80
2307.71	74
2309.7399999999998	80
2311.77	76
2313.79	76
2315.8200000000002	84
2317.8499999999999	78
2319.8699999999999	78
2321.8899999999999	78
2323.9200000000001	80
2325.9400000000001	76
2327.96	76
2329.98	78
2332	78
2334.02	74
2336.0300000000002	74
2338.0500000000002	72
2340.0599999999999	68
2342.0799999999999	80
2344.0900000000001	72
2346.1100000000001	76
2348.1199999999999	72
2350.1300000000001	76
2352.1399999999999	68
2354.1500000000001	72
2356.1500000000001	74
2358.1599999999999	74
2360.1700000000001	70
2362.1700000000001	76
2364.1799999999998	70
2366.1799999999998	72
2368.1799999999998	72
2370.1900000000001	72
2372.1900000000001	72
2374.1900000000001	74
2376.1900000000001	70
2378.1799999999998	68
2380.1799999999998	66
2382.1799999999998	66
2384.1700000000001	70
2386.1700000000001	72
2388.1599999999999	66
2390.1500000000001	66
2392.1500000000001	70
2394.1399999999999	66
2396.1300000000001	70
2398.1199999999999	68
2400.0999999999999	66
2402.0900000000001	72
2404.0799999999999	70
2406.0599999999999	68
2408.0500000000002	64
2410.0300000000002	68
2412.02	62
2414	68
2415.98	62
2417.96	66
2419.9400000000001	60
2421.9200000000001	62
2423.8899999999999	64
2425.8699999999999	66
2427.8499999999999	58
2429.8200000000002	60
2431.8000000000002	58
2433.77	62
2435.7399999999998	64
2437.71	62
2439.6799999999998	62
2441.6500000000001	60
2443.6199999999999	60
2445.5900000000001	64
2447.5599999999999	62
2449.52	60
2451.4899999999998	60
2453.4499999999998	64
2455.4200000000001	58
2457.3800000000001	64
2459.3400000000001	56
2461.3000000000002	62
2463.2600000000002	58
2465.2199999999998	58
2467.1799999999998	62
2469.1300000000001	58
2471.0900000000001	56
2473.0500000000002	58
2475	54
2476.96	56
2478.9099999999999	64
2480.8600000000001	58
2482.8099999999999	52
2484.7600000000002	56
2486.71	64
2488.6599999999999	56
2490.6100000000001	62
2492.5500000000002	58
2494.5	58
2496.4499999999998	60
2498.3899999999999	60
