102.98399999999999	2304
106.06100000000001	2302
109.136	2278
112.209	2308
115.28100000000001	2328
118.351	2356
121.42	2342
124.48699999999999	2354
127.55200000000001	2330
130.61600000000001	2358
133.679	2320
136.74000000000001	2332
139.79900000000001	2254
142.857	2258
145.91399999999999	2256
148.96899999999999	2254
152.023	2260
155.07400000000001	2254
158.124	2244
161.173	2284
164.22	2270
167.26599999999999	2288
170.31	2282
173.35300000000001	2328
176.39400000000001	2318
179.434	2318
182.47200000000001	2316
185.50899999999999	2306
188.54400000000001	2224
191.577	2210
194.61000000000001	2182
197.64099999999999	2198
200.66999999999999	2252
203.69800000000001	2202
206.72399999999999	2200
209.74799999999999	2260
212.77199999999999	2296
215.792	2322
218.81299999999999	2616
221.83199999999999	2896
224.84899999999999	2986
227.864	2954
230.87799999999999	2700
233.89099999999999	2428
236.90199999999999	2264
239.911	2270
242.91999999999999	2260
245.92599999999999	2234
248.93100000000001	2228
251.935	2214
254.93700000000001	2130
257.93799999999999	2114
260.93700000000001	2166
263.935	2124
266.93099999999998	2136
269.92599999999999	2174
272.91899999999998	2196
275.911	2228
278.90100000000001	2292
281.88999999999999	2488
284.87799999999999	2874
287.863	3328
290.84800000000001	3670
293.82999999999998	3812
296.81200000000001	3588
299.791	3182
302.76999999999998	2860
305.74700000000001	2502
308.72300000000001	2340
311.697	2238
314.66899999999998	2132
317.63999999999999	2068
320.60899999999998	2056
323.57799999999997	2036
326.54500000000002	1996
329.50999999999999	1998
332.47300000000001	1962
335.43599999999998	1952
338.39699999999999	1988
341.35599999999999	1952
344.31400000000002	1964
347.26999999999998	1966
350.22500000000002	1986
353.178	1946
356.13099999999997	1950
359.08100000000002	1962
362.03100000000001	1906
364.97800000000001	1918
367.92399999999998	1916
370.87	1926
373.81299999999999	1924
376.75400000000002	1902
379.69499999999999	1920
382.63400000000001	1918
385.57100000000003	1910
388.50700000000001	1948
391.44200000000001	1934
394.375	1960
397.30700000000002	2018
400.23700000000002	2144
403.16500000000002	2322
406.09300000000002	2528
409.01900000000001	2758
411.94400000000002	2824
414.86599999999999	2732
417.78899999999999	2442
420.709	2206
423.62700000000001	2094
426.54399999999998	2012
429.45999999999998	1918
432.375	1858
435.28800000000001	1826
438.19900000000001	1828
441.10899999999998	1800
444.01799999999997	1798
446.92599999999999	1802
449.83100000000002	1776
452.73599999999999	1786
455.63900000000001	1758
458.54000000000002	1782
461.44	1760
464.339	1760
467.23599999999999	1764
470.13200000000001	1748
473.02699999999999	1746
475.92000000000002	1764
478.81099999999998	1740
481.702	1820
484.58999999999997	1832
487.47800000000001	1892
490.36399999999998	1942
493.24799999999999	1942
496.13099999999997	1944
499.01299999999998	1948
501.89299999999997	1868
504.77199999999999	1832
507.649	1766
510.52600000000001	1756
513.39999999999998	1694
516.27300000000002	1660
519.14499999999998	1642
522.01599999999996	1662
524.88499999999999	1672
527.75199999999995	1626
530.61800000000005	1614
533.48299999999995	1646
536.34699999999998	1606
539.20799999999997	1610
542.06899999999996	1638
544.928	1606
547.78599999999994	1592
550.64200000000005	1610
553.49699999999996	1620
556.351	1596
559.20299999999997	1572
562.053	1616
564.90300000000002	1568
567.75099999999998	1572
570.59699999999998	1614
573.44200000000001	1560
576.28599999999994	1600
579.12900000000002	1580
581.97000000000003	1584
584.80999999999995	1594
587.64800000000002	1584
590.48500000000001	1608
593.32000000000005	1606
596.154	1648
598.98699999999997	1678
601.81899999999996	1700
604.649	1780
607.47699999999998	1888
610.30399999999997	1932
613.13	1988
615.95399999999995	1924
618.77700000000004	1908
621.59900000000005	1810
624.41999999999996	1684
627.23800000000006	1636
630.05600000000004	1566
632.87199999999996	1534
635.68700000000001	1512
638.5	1468
641.31299999999999	1478
644.12300000000005	1454
646.93200000000002	1442
649.74000000000001	1440
652.54700000000003	1432
655.35199999999998	1484
658.15599999999995	1426
660.95799999999997	1446
663.75999999999999	1496
666.55899999999997	1530
669.35799999999995	1550
672.15499999999997	1496
674.95000000000005	1440
677.74400000000003	1406
680.53800000000001	1412
683.32899999999995	1352
686.11900000000003	1350
688.90800000000002	1376
691.69500000000005	1340
694.48199999999997	1356
697.26700000000005	1320
700.04999999999995	1328
702.83299999999997	1294
705.61300000000006	1308
708.39300000000003	1314
711.16999999999996	1304
713.947	1322
716.72199999999998	1292
719.49599999999998	1284
722.26900000000001	1312
725.04100000000005	1280
727.80999999999995	1312
730.57899999999995	1304
733.346	1286
736.11300000000006	1286
738.87699999999995	1266
741.63999999999999	1270
744.40200000000004	1256
747.16200000000003	1286
749.92200000000003	1236
752.67999999999995	1242
755.43600000000004	1212
758.19100000000003	1240
760.94600000000003	1230
763.69799999999998	1208
766.44899999999996	1200
769.19899999999996	1214
771.947	1196
774.69500000000005	1178
777.44100000000003	1192
780.18499999999995	1222
782.92899999999997	1194
785.66999999999996	1194
788.41099999999994	1194
791.14999999999998	1196
793.88800000000003	1186
796.625	1170
799.36000000000001	1180
802.09400000000005	1170
804.82600000000002	1166
807.55799999999999	1156
810.28700000000003	1154
813.01599999999996	1174
815.74400000000003	1164
818.47000000000003	1148
821.19399999999996	1136
823.91800000000001	1138
826.63999999999999	1128
829.36099999999999	1142
832.08000000000004	1124
834.798	1106
837.51499999999999	1132
840.23099999999999	1122
842.94399999999996	1122
845.65800000000002	1126
848.37	1120
851.07899999999995	1118
853.78800000000001	1118
856.49599999999998	1078
859.202	1114
861.90700000000004	1094
864.61099999999999	1076
867.31399999999996	1096
870.01499999999999	1080
872.71500000000003	1072
875.41300000000001	1086
878.11000000000001	1092
880.80700000000002	1046
883.50099999999998	1060
886.19399999999996	1060
888.88599999999997	1070
891.577	1062
894.26599999999996	1008
896.95500000000004	1046
899.64099999999996	1052
902.327	1040
905.01099999999997	1028
907.69399999999996	1042
910.37599999999998	1030
913.05600000000004	1032
915.73599999999999	1010
918.41300000000001	1026
921.08900000000006	1000
923.76499999999999	1024
926.43799999999999	1024
929.11099999999999	982
931.78300000000002	994
934.45299999999997	1022
937.12199999999996	990
939.78899999999999	1000
942.45600000000002	988
945.12	982
947.78399999999999	978
950.447	964
953.10799999999995	960
955.76700000000005	972
958.42600000000004	958
961.08299999999997	968
963.73900000000003	952
966.39400000000001	932
969.04700000000003	948
971.69899999999996	960
974.351	960
977	942
979.64800000000002	938
982.29600000000005	940
984.94200000000001	964
987.58600000000001	956
990.22900000000004	968
992.87099999999998	990
995.51199999999994	1008
998.15099999999995	1102
1000.79	1324
1003.4299999999999	1746
1006.0599999999999	2132
1008.7	2198
1011.33	1804
1013.96	1256
1016.59	1054
1019.22	972
1021.85	936
1024.48	914
1027.0999999999999	924
1029.73	894
1032.3499999999999	902
1034.97	886
1037.5899999999999	882
1040.21	892
1042.8299999999999	896
1045.45	894
1048.0599999999999	894
1050.6800000000001	888
1053.29	894
1055.9000000000001	876
1058.51	866
1061.1199999999999	864
1063.73	866
1066.3399999999999	838
1068.9400000000001	872
1071.55	844
1074.1500000000001	854
1076.75	856
1079.3499999999999	836
1081.95	868
1084.55	846
1087.1500000000001	860
1089.74	846
1092.3399999999999	834
1094.9300000000001	856
1097.52	840
1100.1099999999999	842
1102.7	828
1105.29	878
1107.8800000000001	858
1110.46	844
1113.05	842
1115.6300000000001	826
1118.21	846
1120.79	848
1123.3699999999999	862
1125.95	888
1128.53	928
1131.0999999999999	962
1133.6800000000001	994
1136.25	946
1138.8199999999999	918
1141.3900000000001	902
1143.96	868
1146.53	848
1149.0999999999999	798
1151.6700000000001	828
1154.23	806
1156.8	806
1159.3599999999999	778
1161.9200000000001	796
1164.48	790
1167.04	798
1169.5999999999999	794
1172.1500000000001	792
1174.71	784
1177.26	794
1179.8099999999999	808
1182.3599999999999	776
1184.9200000000001	764
1187.46	774
1190.01	764
1192.5599999999999	768
1195.0999999999999	776
1197.6500000000001	770
1200.1900000000001	774
1202.73	766
1205.27	770
1207.8099999999999	778
1210.3499999999999	752
1212.8900000000001	770
1215.4300000000001	780
1217.96	760
1220.49	762
1223.02	750
1225.5599999999999	742
1228.0899999999999	746
1230.6099999999999	766
1233.1400000000001	758
1235.6700000000001	748
1238.1900000000001	756
1240.72	774
1243.24	752
1245.76	756
1248.28	758
1250.8	758
1253.3199999999999	750
1255.8299999999999	752
1258.3499999999999	752
1260.8599999999999	752
1263.3800000000001	744
1265.8900000000001	752
1268.4000000000001	736
1270.9100000000001	756
1273.4200000000001	756
1275.9200000000001	746
1278.4300000000001	762
1280.9400000000001	724
1283.4400000000001	718
1285.9400000000001	724
1288.4400000000001	750
1290.9400000000001	758
1293.4400000000001	720
1295.9400000000001	748
1298.4400000000001	744
1300.9300000000001	742
1303.4200000000001	722
1305.9200000000001	738
1308.4100000000001	710
1310.9000000000001	710
1313.3900000000001	720
1315.8800000000001	712
1318.3599999999999	706
1320.8499999999999	686
1323.3299999999999	706
1325.8199999999999	696
1328.3	732
1330.78	702
1333.26	706
1335.74	670
1338.22	682
1340.6900000000001	654
1343.1700000000001	648
1345.6400000000001	680
1348.1199999999999	644
1350.5899999999999	646
1353.0599999999999	618
1355.53	622
1358	640
1360.46	636
1362.9300000000001	634
1365.4000000000001	616
1367.8599999999999	618
1370.3199999999999	604
1372.78	600
1375.24	590
1377.7	582
1380.1600000000001	592
1382.6199999999999	580
1385.0699999999999	578
1387.53	582
1389.98	570
1392.4300000000001	588
1394.8800000000001	582
1397.3299999999999	578
1399.78	568
1402.23	568
1404.6800000000001	546
1407.1199999999999	558
1409.5599999999999	574
1412.01	578
1414.45	538
1416.8900000000001	572
1419.3299999999999	558
1421.77	558
1424.2	560
1426.6400000000001	548
1429.0799999999999	548
1431.51	572
1433.9400000000001	550
1436.3699999999999	534
1438.8	548
1441.23	546
1443.6600000000001	536
1446.0899999999999	528
1448.51	536
1450.9400000000001	548
1453.3599999999999	548
1455.78	544
1458.2	540
1460.6199999999999	522
1463.04	514
1465.46	542
1467.8800000000001	540
1470.29	516
1472.71	518
1475.1199999999999	532
1477.53	510
1479.9400000000001	518
1482.3499999999999	520
1484.76	526
1487.1700000000001	512
1489.5799999999999	516
1491.98	528
1494.3900000000001	508
1496.79	504
1499.1900000000001	500
1501.5899999999999	512
1503.99	518
1506.3900000000001	502
1508.79	500
1511.1800000000001	514
1513.5799999999999	492
1515.97	498
1518.3699999999999	500
1520.76	500
1523.1500000000001	494
1525.54	502
1527.9300000000001	482
1530.3099999999999	498
1532.7	472
1535.0899999999999	490
1537.47	496
1539.8499999999999	482
1542.23	474
1544.6099999999999	476
1546.99	472
1549.3699999999999	484
1551.75	486
1554.1300000000001	488
1556.5	460
1558.8699999999999	472
1561.25	462
1563.6199999999999	472
1565.99	470
1568.3599999999999	460
1570.73	460
1573.0999999999999	466
1575.46	460
1577.8299999999999	472
1580.1900000000001	426
1582.55	462
1584.9200000000001	464
1587.28	464
1589.6400000000001	440
1591.99	444
1594.3499999999999	434
1596.71	452
1599.0599999999999	448
1601.4200000000001	438
1603.77	440
1606.1199999999999	448
1608.47	426
1610.8199999999999	426
1613.1700000000001	424
1615.52	446
1617.8699999999999	420
1620.21	410
1622.5599999999999	410
1624.9000000000001	416
1627.24	414
1629.5799999999999	446
1631.9200000000001	420
1634.26	410
1636.5999999999999	410
1638.9300000000001	402
1641.27	418
1643.5999999999999	414
1645.9400000000001	410
1648.27	410
1650.5999999999999	388
1652.9300000000001	402
1655.26	398
1657.5899999999999	400
1659.9200000000001	410
1662.24	384
1664.5699999999999	396
1666.8900000000001	400
1669.21	396
1671.53	382
1673.8499999999999	388
1676.1700000000001	376
1678.49	382
1680.8099999999999	388
1683.1300000000001	386
1685.4400000000001	380
1687.75	388
1690.0699999999999	380
1692.3800000000001	372
1694.6900000000001	374
1697	370
1699.3099999999999	382
1701.6199999999999	368
1703.9200000000001	374
1706.23	374
1708.53	360
1710.8399999999999	366
1713.1400000000001	376
1715.4400000000001	368
1717.74	356
1720.04	366
1722.3299999999999	366
1724.6300000000001	338
1726.9300000000001	356
1729.22	370
1731.52	350
1733.8099999999999	346
1736.0999999999999	356
1738.3900000000001	346
1740.6800000000001	342
1742.97	326
1745.26	338
1747.54	348
1749.8299999999999	338
1752.1099999999999	348
1754.3900000000001	334
1756.6800000000001	348
1758.96	320
1761.24	344
1763.52	330
1765.79	324
1768.0699999999999	336
1770.3499999999999	326
1772.6199999999999	324
1774.8900000000001	324
1777.1700000000001	320
1779.4400000000001	320
1781.71	312
1783.98	316
1786.25	318
1788.51	306
1790.78	302
1793.04	314
1795.3099999999999	312
1797.5699999999999	300
1799.8299999999999	304
1802.0899999999999	316
1804.3499999999999	302
1806.6099999999999	300
1808.8699999999999	296
1811.1300000000001	278
1813.3800000000001	298
1815.6400000000001	294
1817.8900000000001	288
1820.1400000000001	286
1822.4000000000001	286
1824.6500000000001	300
1826.9000000000001	272
1829.1400000000001	290
1831.3900000000001	280
1833.6400000000001	274
1835.8800000000001	280
1838.1300000000001	284
1840.3699999999999	276
1842.6099999999999	268
1844.8499999999999	276
1847.0899999999999	270
1849.3299999999999	260
1851.5699999999999	270
1853.8099999999999	258
1856.05	272
1858.28	274
1860.51	260
1862.75	264
1864.98	264
1867.21	258
1869.4400000000001	262
1871.6700000000001	266
1873.9000000000001	264
1876.1199999999999	250
1878.3499999999999	252
1880.5699999999999	250
1882.8	256
1885.02	240
1887.24	248
1889.46	242
1891.6800000000001	250
1893.9000000000001	248
1896.1199999999999	242
1898.3399999999999	236
1900.55	228
1902.77	242
1904.98	234
1907.1900000000001	234
1909.4000000000001	244
1911.6099999999999	236
1913.8199999999999	220
1916.03	244
1918.24	224
1920.4400000000001	230
1922.6500000000001	234
1924.8499999999999	230
1927.0599999999999	218
1929.26	218
1931.46	220
1933.6600000000001	234
1935.8599999999999	230
1938.0599999999999	234
1940.26	212
1942.45	220
1944.6500000000001	228
1946.8399999999999	228
1949.04	226
1951.23	224
1953.4200000000001	212
1955.6099999999999	220
1957.8	216
1959.99	218
1962.1700000000001	218
1964.3599999999999	218
1966.55	214
1968.73	206
1970.9100000000001	208
1973.0999999999999	212
1975.28	200
1977.46	200
1979.6400000000001	208
1981.8099999999999	198
1983.99	204
1986.1700000000001	212
1988.3399999999999	204
1990.52	204
1992.6900000000001	202
1994.8599999999999	196
1997.03	194
1999.2	198
2001.3699999999999	186
2003.54	198
2005.71	194
2007.8800000000001	190
2010.04	194
2012.21	184
2014.3699999999999	182
2016.53	186
2018.6900000000001	184
2020.8499999999999	194
2023.01	186
2025.1700000000001	182
2027.3299999999999	178
2029.48	182
2031.6400000000001	186
2033.79	180
2035.95	186
2038.0999999999999	170
2040.25	184
2042.4000000000001	176
2044.55	184
2046.7	174
2048.8499999999999	176
2050.9899999999998	184
2053.1399999999999	168
2055.2800000000002	174
2057.4299999999998	168
2059.5700000000002	174
2061.71	164
2063.8499999999999	172
2065.9899999999998	168
2068.1300000000001	168
2070.27	168
2072.4099999999999	168
2074.54	160
2076.6799999999998	160
2078.8099999999999	172
2080.9400000000001	156
2083.0799999999999	158
2085.21	164
2087.3400000000001	162
2089.4699999999998	152
2091.5900000000001	162
2093.7199999999998	164
2095.8499999999999	152
2097.9699999999998	152
2100.0999999999999	152
2102.2199999999998	154
2104.3400000000001	148
2106.46	162
2108.5799999999999	150
2110.6999999999998	146
2112.8200000000002	150
2114.9400000000001	142
2117.0500000000002	146
2119.1700000000001	154
2121.2800000000002	146
2123.4000000000001	142
2125.5100000000002	136
2127.6199999999999	148
2129.73	152
2131.8400000000001	138
2133.9499999999998	140
2136.0599999999999	146
2138.1700000000001	144
2140.27	148
2142.3800000000001	142
2144.48	140
2146.5799999999999	142
2148.6900000000001	138
2150.79	144
2152.8899999999999	138
2154.9899999999998	142
2157.0799999999999	140
2159.1799999999998	140
2161.2800000000002	138
2163.3699999999999	144
2165.4699999999998	144
2167.5599999999999	124
2169.6500000000001	126
2171.7399999999998	132
2173.8400000000001	134
2175.9299999999998	142
2178.0100000000002	140
2180.0999999999999	132
2182.1900000000001	124
2184.27	134
2186.3600000000001	124
2188.4400000000001	130
2190.5300000000002	136
2192.6100000000001	120
2194.6900000000001	132
2196.77	132
2198.8499999999999	132
2200.9299999999998	130
2203	122
2205.0799999999999	134
2207.1599999999999	122
2209.23	130
2211.3000000000002	128
2213.3800000000001	128
2215.4499999999998	128
2217.52	130
2219.5900000000001	122
2221.6599999999999	128
2223.73	130
2225.79	126
2227.8600000000001	118
2229.9200000000001	124
2231.9899999999998	122
2234.0500000000002	120
2236.1100000000001	122
2238.1799999999998	122
2240.2399999999998	116
2242.3000000000002	112
2244.3499999999999	114
2246.4099999999999	120
2248.4699999999998	116
2250.52	114
2252.5799999999999	120
2254.6300000000001	114
2256.6900000000001	112
2258.7399999999998	110
2260.79	104
2262.8400000000001	118
2264.8899999999999	110
2266.9400000000001	108
2268.98	108
2271.0300000000002	118
2273.0799999999999	112
2275.1199999999999	106
2277.1599999999999	114
2279.21	108
2281.25	110
2283.29	108
2285.3299999999999	110
2287.3699999999999	110
2289.4099999999999	108
2291.4499999999998	102
2293.48	110
2295.52	106
2297.5500000000002	104
2299.5799999999999	110
2301.6199999999999	104
2303.6500000000001	104
2305.6799999999998	108
2307.71	100
2309.7399999999998	106
2311.77	106
2313.79	104
2315.8200000000002	104
2317.8499999999999	100
2319.8699999999999	102
2321.8899999999999	102
2323.9200000000001	98
2325.9400000000001	100
2327.96	98
2329.98	100
2332	102
2334.02	104
2336.0300000000002	98
2338.0500000000002	100
2340.0599999999999	98
2342.0799999999999	98
2344.0900000000001	92
2346.1100000000001	94
2348.1199999999999	92
2350.1300000000001	94
2352.1399999999999	94
2354.1500000000001	96
2356.1500000000001	98
2358.1599999999999	92
2360.1700000000001	90
2362.1700000000001	94
2364.1799999999998	96
2366.1799999999998	88
2368.1799999999998	90
2370.1900000000001	90
2372.1900000000001	94
2374.1900000000001	90
2376.1900000000001	86
2378.1799999999998	92
2380.1799999999998	88
2382.1799999999998	88
2384.1700000000001	90
2386.1700000000001	90
2388.1599999999999	84
2390.1500000000001	86
2392.1500000000001	86
2394.1399999999999	86
2396.1300000000001	82
2398.1199999999999	94
2400.0999999999999	82
2402.0900000000001	86
2404.0799999999999	82
2406.0599999999999	84
2408.0500000000002	86
2410.0300000000002	84
2412.02	84
2414	78
2415.98	86
2417.96	82
2419.9400000000001	80
2421.9200000000001	80
2423.8899999999999	84
2425.8699999999999	82
2427.8499999999999	84
2429.8200000000002	88
2431.8000000000002	88
2433.77	88
2435.7399999999998	78
2437.71	84
2439.6799999999998	84
2441.6500000000001	76
2443.6199999999999	82
2445.5900000000001	76
2447.5599999999999	74
2449.52	82
2451.4899999999998	76
2453.4499999999998	82
2455.4200000000001	76
2457.3800000000001	72
2459.3400000000001	82
2461.3000000000002	76
2463.2600000000002	78
2465.2199999999998	78
2467.1799999999998	72
2469.1300000000001	74
2471.0900000000001	74
2473.0500000000002	82
2475	74
2476.96	74
2478.9099999999999	70
2480.8600000000001	64
2482.8099999999999	70
2484.7600000000002	78
2486.71	78
2488.6599999999999	76
2490.6100000000001	78
2492.5500000000002	66
2494.5	78
2496.4499999999998	76
2498.3899999999999	74
