102.98399999999999	816
106.06100000000001	804
109.136	812
112.209	812
115.28100000000001	802
118.351	778
121.42	796
124.48699999999999	792
127.55200000000001	768
130.61600000000001	806
133.679	802
136.74000000000001	806
139.79900000000001	808
142.857	836
145.91399999999999	860
148.96899999999999	916
152.023	936
155.07400000000001	928
158.124	942
161.173	870
164.22	824
167.26599999999999	804
170.31	758
173.35300000000001	756
176.39400000000001	752
179.434	724
182.47200000000001	722
185.50899999999999	718
188.54400000000001	714
191.577	728
194.61000000000001	712
197.64099999999999	698
200.66999999999999	712
203.69800000000001	718
206.72399999999999	702
209.74799999999999	704
212.77199999999999	692
215.792	690
218.81299999999999	718
221.83199999999999	712
224.84899999999999	698
227.864	698
230.87799999999999	706
233.89099999999999	694
236.90199999999999	704
239.911	728
242.91999999999999	712
245.92599999999999	712
248.93100000000001	708
251.935	716
254.93700000000001	740
257.93799999999999	762
260.93700000000001	790
263.935	830
266.93099999999998	854
269.92599999999999	910
272.91899999999998	1012
275.911	1076
278.90100000000001	1136
281.88999999999999	1082
284.87799999999999	1008
287.863	920
290.84800000000001	834
293.82999999999998	766
296.81200000000001	750
299.791	708
302.76999999999998	688
305.74700000000001	670
308.72300000000001	668
311.697	670
314.66899999999998	644
317.63999999999999	646
320.60899999999998	636
323.57799999999997	648
326.54500000000002	630
329.50999999999999	634
332.47300000000001	622
335.43599999999998	604
338.39699999999999	610
341.35599999999999	598
344.31400000000002	626
347.26999999999998	592
350.22500000000002	604
353.178	578
356.13099999999997	604
359.08100000000002	590
362.03100000000001	582
364.97800000000001	602
367.92399999999998	576
370.87	584
373.81299999999999	580
376.75400000000002	572
379.69499999999999	570
382.63400000000001	568
385.57100000000003	552
388.50700000000001	568
391.44200000000001	556
394.375	552
397.30700000000002	564
400.23700000000002	570
403.16500000000002	564
406.09300000000002	558
409.01900000000001	558
411.94400000000002	546
414.86599999999999	556
417.78899999999999	558
420.709	520
423.62700000000001	542
426.54399999999998	544
429.45999999999998	538
432.375	538
435.28800000000001	528
438.19900000000001	552
441.10899999999998	526
444.01799999999997	522
446.92599999999999	522
449.83100000000002	536
452.73599999999999	528
455.63900000000001	504
458.54000000000002	514
461.44	520
464.339	504
467.23599999999999	496
470.13200000000001	516
473.02699999999999	494
475.92000000000002	498
478.81099999999998	502
481.702	498
484.58999999999997	498
487.47800000000001	476
490.36399999999998	490
493.24799999999999	496
496.13099999999997	482
499.01299999999998	498
501.89299999999997	484
504.77199999999999	472
507.649	496
510.52600000000001	474
513.39999999999998	482
516.27300000000002	474
519.14499999999998	488
522.01599999999996	464
524.88499999999999	484
527.75199999999995	486
530.61800000000005	482
533.48299999999995	470
536.34699999999998	460
539.20799999999997	452
542.06899999999996	450
544.928	466
547.78599999999994	454
550.64200000000005	462
553.49699999999996	468
556.351	458
559.20299999999997	474
562.053	450
564.90300000000002	470
567.75099999999998	462
570.59699999999998	440
573.44200000000001	450
576.28599999999994	444
579.12900000000002	422
581.97000000000003	444
584.80999999999995	422
587.64800000000002	432
590.48500000000001	438
593.32000000000005	432
596.154	448
598.98699999999997	444
601.81899999999996	440
604.649	436
607.47699999999998	434
610.30399999999997	422
613.13	434
615.95399999999995	436
618.77700000000004	428
621.59900000000005	440
624.41999999999996	412
627.23800000000006	424
630.05600000000004	424
632.87199999999996	430
635.68700000000001	428
638.5	422
641.31299999999999	404
644.12300000000005	418
646.93200000000002	402
649.74000000000001	406
652.54700000000003	402
655.35199999999998	402
658.15599999999995	404
660.95799999999997	416
663.75999999999999	394
666.55899999999997	404
669.35799999999995	402
672.15499999999997	394
674.95000000000005	406
677.74400000000003	390
680.53800000000001	384
683.32899999999995	408
686.11900000000003	398
688.90800000000002	392
691.69500000000005	410
694.48199999999997	398
697.26700000000005	396
700.04999999999995	400
702.83299999999997	426
705.61300000000006	430
708.39300000000003	456
711.16999999999996	472
713.947	476
716.72199999999998	440
719.49599999999998	408
722.26900000000001	390
725.04100000000005	398
727.80999999999995	370
730.57899999999995	364
733.346	382
736.11300000000006	342
738.87699999999995	364
741.63999999999999	370
744.40200000000004	362
747.16200000000003	380
749.92200000000003	368
752.67999999999995	378
755.43600000000004	362
758.19100000000003	352
760.94600000000003	350
763.69799999999998	340
766.44899999999996	352
769.19899999999996	358
771.947	356
774.69500000000005	360
777.44100000000003	342
780.18499999999995	338
782.92899999999997	342
785.66999999999996	362
788.41099999999994	344
791.14999999999998	348
793.88800000000003	360
796.625	346
799.36000000000001	336
802.09400000000005	346
804.82600000000002	334
807.55799999999999	324
810.28700000000003	354
813.01599999999996	336
815.74400000000003	332
818.47000000000003	326
821.19399999999996	330
823.91800000000001	330
826.63999999999999	328
829.36099999999999	324
832.08000000000004	326
834.798	328
837.51499999999999	322
840.23099999999999	324
842.94399999999996	328
845.65800000000002	326
848.37	330
851.07899999999995	310
853.78800000000001	322
856.49599999999998	312
859.202	326
861.90700000000004	324
864.61099999999999	332
867.31399999999996	316
870.01499999999999	316
872.71500000000003	314
875.41300000000001	308
878.11000000000001	292
880.80700000000002	306
883.50099999999998	308
886.19399999999996	316
888.88599999999997	306
891.577	304
894.26599999999996	306
896.95500000000004	306
899.64099999999996	302
902.327	296
905.01099999999997	306
907.69399999999996	298
910.37599999999998	294
913.05600000000004	294
915.73599999999999	302
918.41300000000001	294
921.08900000000006	294
923.76499999999999	294
926.43799999999999	290
929.11099999999999	284
931.78300000000002	288
934.45299999999997	298
937.12199999999996	284
939.78899999999999	288
942.45600000000002	296
945.12	292
947.78399999999999	274
950.447	270
953.10799999999995	284
955.76700000000005	280
958.42600000000004	280
961.08299999999997	266
963.73900000000003	280
966.39400000000001	290
969.04700000000003	268
971.69899999999996	262
974.351	286
977	278
979.64800000000002	268
982.29600000000005	284
984.94200000000001	276
987.58600000000001	286
990.22900000000004	270
992.87099999999998	270
995.51199999999994	268
998.15099999999995	284
1000.79	274
1003.4299999999999	282
1006.0599999999999	264
1008.7	272
1011.33	262
1013.96	272
1016.59	262
1019.22	270
1021.85	250
1024.48	258
1027.0999999999999	256
1029.73	264
1032.3499999999999	262
1034.97	254
1037.5899999999999	256
1040.21	262
1042.8299999999999	268
1045.45	276
1048.0599999999999	278
1050.6800000000001	278
1053.29	280
1055.9000000000001	282
1058.51	274
1061.1199999999999	260
1063.73	260
1066.3399999999999	264
1068.9400000000001	282
1071.55	290
1074.1500000000001	320
1076.75	392
1079.3499999999999	538
1081.95	696
1084.55	776
1087.1500000000001	720
1089.74	604
1092.3399999999999	402
1094.9300000000001	312
1097.52	278
1100.1099999999999	258
1102.7	258
1105.29	240
1107.8800000000001	228
1110.46	244
1113.05	236
1115.6300000000001	224
1118.21	226
1120.79	226
1123.3699999999999	230
1125.95	222
1128.53	238
1131.0999999999999	224
1133.6800000000001	236
1136.25	234
1138.8199999999999	240
1141.3900000000001	236
1143.96	222
1146.53	228
1149.0999999999999	238
1151.6700000000001	222
1154.23	228
1156.8	234
1159.3599999999999	232
1161.9200000000001	234
1164.48	238
1167.04	242
1169.5999999999999	236
1172.1500000000001	220
1174.71	238
1177.26	242
1179.8099999999999	244
1182.3599999999999	236
1184.9200000000001	236
1187.46	234
1190.01	210
1192.5599999999999	232
1195.0999999999999	234
1197.6500000000001	230
1200.1900000000001	232
1202.73	226
1205.27	238
1207.8099999999999	222
1210.3499999999999	224
1212.8900000000001	226
1215.4300000000001	228
1217.96	230
1220.49	232
1223.02	228
1225.5599999999999	216
1228.0899999999999	226
1230.6099999999999	222
1233.1400000000001	236
1235.6700000000001	218
1238.1900000000001	228
1240.72	224
1243.24	230
1245.76	224
1248.28	216
1250.8	238
1253.3199999999999	220
1255.8299999999999	232
1258.3499999999999	226
1260.8599999999999	218
1263.3800000000001	222
1265.8900000000001	212
1268.4000000000001	198
1270.9100000000001	216
1273.4200000000001	228
1275.9200000000001	214
1278.4300000000001	216
1280.9400000000001	212
1283.4400000000001	214
1285.9400000000001	218
1288.4400000000001	200
1290.9400000000001	202
1293.4400000000001	208
1295.9400000000001	198
1298.4400000000001	208
1300.9300000000001	218
1303.4200000000001	208
1305.9200000000001	204
1308.4100000000001	192
1310.9000000000001	196
1313.3900000000001	196
1315.8800000000001	198
1318.3599999999999	194
1320.8499999999999	194
1323.3299999999999	190
1325.8199999999999	192
1328.3	192
1330.78	194
1333.26	184
1335.74	182
1338.22	184
1340.6900000000001	178
1343.1700000000001	190
1345.6400000000001	188
1348.1199999999999	184
1350.5899999999999	190
1353.0599999999999	186
1355.53	180
1358	182
1360.46	180
1362.9300000000001	168
1365.4000000000001	164
1367.8599999999999	174
1370.3199999999999	178
1372.78	168
1375.24	166
1377.7	170
1380.1600000000001	172
1382.6199999999999	166
1385.0699999999999	168
1387.53	170
1389.98	166
1392.4300000000001	168
1394.8800000000001	162
1397.3299999999999	158
1399.78	158
1402.23	166
1404.6800000000001	176
1407.1199999999999	170
1409.5599999999999	172
1412.01	172
1414.45	168
1416.8900000000001	156
1419.3299999999999	176
1421.77	172
1424.2	164
1426.6400000000001	172
1429.0799999999999	164
1431.51	158
1433.9400000000001	164
1436.3699999999999	162
1438.8	170
1441.23	154
1443.6600000000001	164
1446.0899999999999	152
1448.51	160
1450.9400000000001	154
1453.3599999999999	148
1455.78	156
1458.2	150
1460.6199999999999	158
1463.04	158
1465.46	150
1467.8800000000001	152
1470.29	156
1472.71	156
1475.1199999999999	148
1477.53	160
1479.9400000000001	154
1482.3499999999999	152
1484.76	148
1487.1700000000001	158
1489.5799999999999	144
1491.98	154
1494.3900000000001	154
1496.79	150
1499.1900000000001	150
1501.5899999999999	150
1503.99	142
1506.3900000000001	152
1508.79	142
1511.1800000000001	142
1513.5799999999999	146
1515.97	138
1518.3699999999999	142
1520.76	142
1523.1500000000001	134
1525.54	138
1527.9300000000001	142
1530.3099999999999	148
1532.7	140
1535.0899999999999	140
1537.47	142
1539.8499999999999	132
1542.23	136
1544.6099999999999	136
1546.99	146
1549.3699999999999	138
1551.75	138
1554.1300000000001	134
1556.5	138
1558.8699999999999	128
1561.25	132
1563.6199999999999	136
1565.99	128
1568.3599999999999	132
1570.73	132
1573.0999999999999	138
1575.46	130
1577.8299999999999	136
1580.1900000000001	132
1582.55	124
1584.9200000000001	124
1587.28	134
1589.6400000000001	128
1591.99	130
1594.3499999999999	130
1596.71	128
1599.0599999999999	126
1601.4200000000001	128
1603.77	116
1606.1199999999999	114
1608.47	122
1610.8199999999999	116
1613.1700000000001	116
1615.52	132
1617.8699999999999	114
1620.21	112
1622.5599999999999	132
1624.9000000000001	114
1627.24	116
1629.5799999999999	110
1631.9200000000001	126
1634.26	120
1636.5999999999999	114
1638.9300000000001	116
1641.27	116
1643.5999999999999	116
1645.9400000000001	116
1648.27	124
1650.5999999999999	122
1652.9300000000001	118
1655.26	112
1657.5899999999999	116
1659.9200000000001	122
1662.24	118
1664.5699999999999	104
1666.8900000000001	110
1669.21	110
1671.53	110
1673.8499999999999	104
1676.1700000000001	112
1678.49	104
1680.8099999999999	104
1683.1300000000001	108
1685.4400000000001	110
1687.75	118
1690.0699999999999	104
1692.3800000000001	106
1694.6900000000001	102
1697	98
1699.3099999999999	106
1701.6199999999999	96
1703.9200000000001	104
1706.23	98
1708.53	104
1710.8399999999999	98
1713.1400000000001	96
1715.4400000000001	100
1717.74	100
1720.04	98
1722.3299999999999	98
1724.6300000000001	90
1726.9300000000001	96
1729.22	94
1731.52	88
1733.8099999999999	90
1736.0999999999999	92
1738.3900000000001	102
1740.6800000000001	88
1742.97	96
1745.26	98
1747.54	98
1749.8299999999999	102
1752.1099999999999	100
1754.3900000000001	92
1756.6800000000001	92
1758.96	92
1761.24	96
1763.52	92
1765.79	92
1768.0699999999999	88
1770.3499999999999	88
1772.6199999999999	84
1774.8900000000001	82
1777.1700000000001	82
1779.4400000000001	92
1781.71	84
1783.98	82
1786.25	86
1788.51	82
1790.78	86
1793.04	86
1795.3099999999999	78
1797.5699999999999	80
1799.8299999999999	84
1802.0899999999999	78
1804.3499999999999	86
1806.6099999999999	78
1808.8699999999999	78
1811.1300000000001	84
1813.3800000000001	80
1815.6400000000001	78
1817.8900000000001	76
1820.1400000000001	82
1822.4000000000001	84
1824.6500000000001	80
1826.9000000000001	82
1829.1400000000001	80
1831.3900000000001	78
1833.6400000000001	76
1835.8800000000001	80
1838.1300000000001	72
1840.3699999999999	76
1842.6099999999999	78
1844.8499999999999	72
1847.0899999999999	76
1849.3299999999999	68
1851.5699999999999	72
1853.8099999999999	72
1856.05	76
1858.28	76
1860.51	70
1862.75	70
1864.98	72
1867.21	70
1869.4400000000001	66
1871.6700000000001	74
1873.9000000000001	70
1876.1199999999999	72
1878.3499999999999	70
1880.5699999999999	70
1882.8	64
1885.02	66
1887.24	68
1889.46	66
1891.6800000000001	66
1893.9000000000001	60
1896.1199999999999	62
1898.3399999999999	60
1900.55	66
1902.77	64
1904.98	68
1907.1900000000001	68
1909.4000000000001	66
1911.6099999999999	62
1913.8199999999999	68
1916.03	60
1918.24	64
1920.4400000000001	58
1922.6500000000001	64
1924.8499999999999	62
1927.0599999999999	64
1929.26	60
1931.46	56
1933.6600000000001	56
1935.8599999999999	60
1938.0599999999999	60
1940.26	62
1942.45	64
1944.6500000000001	60
1946.8399999999999	58
1949.04	56
1951.23	62
1953.4200000000001	58
1955.6099999999999	60
1957.8	58
1959.99	62
1962.1700000000001	56
1964.3599999999999	56
1966.55	54
1968.73	60
1970.9100000000001	54
1973.0999999999999	58
1975.28	56
1977.46	54
1979.6400000000001	54
1981.8099999999999	56
1983.99	52
1986.1700000000001	56
1988.3399999999999	56
1990.52	54
1992.6900000000001	48
1994.8599999999999	54
1997.03	52
1999.2	44
2001.3699999999999	50
2003.54	48
2005.71	54
2007.8800000000001	50
2010.04	46
2012.21	44
2014.3699999999999	52
2016.53	48
2018.6900000000001	44
2020.8499999999999	48
2023.01	48
2025.1700000000001	48
2027.3299999999999	46
2029.48	42
2031.6400000000001	46
2033.79	44
2035.95	44
2038.0999999999999	42
2040.25	44
2042.4000000000001	44
2044.55	38
2046.7	40
2048.8499999999999	44
2050.9899999999998	44
2053.1399999999999	44
2055.2800000000002	40
2057.4299999999998	42
2059.5700000000002	40
2061.71	42
2063.8499999999999	44
2065.9899999999998	42
2068.1300000000001	42
2070.27	40
2072.4099999999999	42
2074.54	46
2076.6799999999998	44
2078.8099999999999	40
2080.9400000000001	42
2083.0799999999999	40
2085.21	46
2087.3400000000001	42
2089.4699999999998	42
2091.5900000000001	38
2093.7199999999998	40
2095.8499999999999	40
2097.9699999999998	42
2100.0999999999999	38
2102.2199999999998	40
2104.3400000000001	38
2106.46	38
2108.5799999999999	42
2110.6999999999998	34
2112.8200000000002	36
2114.9400000000001	38
2117.0500000000002	40
2119.1700000000001	38
2121.2800000000002	40
2123.4000000000001	36
2125.5100000000002	38
2127.6199999999999	34
2129.73	36
2131.8400000000001	40
2133.9499999999998	36
2136.0599999999999	40
2138.1700000000001	36
2140.27	38
2142.3800000000001	34
2144.48	36
2146.5799999999999	36
2148.6900000000001	38
2150.79	34
2152.8899999999999	32
2154.9899999999998	38
2157.0799999999999	34
2159.1799999999998	30
2161.2800000000002	32
2163.3699999999999	32
2165.4699999999998	30
2167.5599999999999	30
2169.6500000000001	30
2171.7399999999998	36
2173.8400000000001	34
2175.9299999999998	34
2178.0100000000002	34
2180.0999999999999	32
2182.1900000000001	28
2184.27	34
2186.3600000000001	30
2188.4400000000001	28
2190.5300000000002	32
2192.6100000000001	34
2194.6900000000001	30
2196.77	28
2198.8499999999999	30
2200.9299999999998	32
2203	32
2205.0799999999999	32
2207.1599999999999	30
2209.23	34
2211.3000000000002	30
2213.3800000000001	28
2215.4499999999998	28
2217.52	30
2219.5900000000001	26
2221.6599999999999	28
2223.73	30
2225.79	30
2227.8600000000001	26
2229.9200000000001	24
2231.9899999999998	30
2234.0500000000002	30
2236.1100000000001	32
2238.1799999999998	32
2240.2399999999998	30
2242.3000000000002	30
2244.3499999999999	30
2246.4099999999999	28
2248.4699999999998	30
2250.52	26
2252.5799999999999	30
2254.6300000000001	24
2256.6900000000001	26
2258.7399999999998	22
2260.79	24
2262.8400000000001	26
2264.8899999999999	28
2266.9400000000001	26
2268.98	28
2271.0300000000002	26
2273.0799999999999	28
2275.1199999999999	30
2277.1599999999999	26
2279.21	24
2281.25	24
2283.29	26
2285.3299999999999	20
2287.3699999999999	22
2289.4099999999999	26
2291.4499999999998	22
2293.48	24
2295.52	24
2297.5500000000002	22
2299.5799999999999	24
2301.6199999999999	24
2303.6500000000001	28
2305.6799999999998	24
2307.71	26
2309.7399999999998	30
2311.77	22
2313.79	28
2315.8200000000002	24
2317.8499999999999	26
2319.8699999999999	26
2321.8899999999999	20
2323.9200000000001	26
2325.9400000000001	24
2327.96	22
2329.98	26
2332	22
2334.02	28
2336.0300000000002	22
2338.0500000000002	22
2340.0599999999999	26
2342.0799999999999	20
2344.0900000000001	24
2346.1100000000001	24
2348.1199999999999	24
2350.1300000000001	20
2352.1399999999999	24
2354.1500000000001	22
2356.1500000000001	22
2358.1599999999999	22
2360.1700000000001	22
2362.1700000000001	28
2364.1799999999998	24
2366.1799999999998	22
2368.1799999999998	20
2370.1900000000001	22
2372.1900000000001	20
2374.1900000000001	22
2376.1900000000001	24
2378.1799999999998	20
2380.1799999999998	20
2382.1799999999998	20
2384.1700000000001	20
2386.1700000000001	18
2388.1599999999999	22
2390.1500000000001	20
2392.1500000000001	22
2394.1399999999999	22
2396.1300000000001	20
2398.1199999999999	20
2400.0999999999999	20
2402.0900000000001	24
2404.0799999999999	22
2406.0599999999999	22
2408.0500000000002	18
2410.0300000000002	24
2412.02	18
2414	22
2415.98	22
2417.96	20
2419.9400000000001	16
2421.9200000000001	18
2423.8899999999999	20
2425.8699999999999	20
2427.8499999999999	20
2429.8200000000002	20
2431.8000000000002	20
2433.77	18
2435.7399999999998	20
2437.71	22
2439.6799999999998	18
2441.6500000000001	24
2443.6199999999999	26
2445.5900000000001	16
2447.5599999999999	18
2449.52	20
2451.4899999999998	22
2453.4499999999998	20
2455.4200000000001	22
2457.3800000000001	22
2459.3400000000001	20
2461.3000000000002	18
2463.2600000000002	20
2465.2199999999998	16
2467.1799999999998	18
2469.1300000000001	20
2471.0900000000001	20
2473.0500000000002	20
2475	16
2476.96	16
2478.9099999999999	20
2480.8600000000001	14
2482.8099999999999	18
2484.7600000000002	20
2486.71	18
2488.6599999999999	20
2490.6100000000001	22
2492.5500000000002	22
2494.5	20
2496.4499999999998	22
2498.3899999999999	18
