##NAMES=Maghemite
##RRUFFID=R140712
##IDEAL CHEMISTRY=(Fe^3+^_0.67_[box]_0.33_)Fe^3+^_2_O_4_
##LOCALITY=Katzenbuckel, Eberbach, Odenwald, Baden-Württemberg, Germany
##OWNER=RRUFF
##SOURCE=Rock Currier
##DESCRIPTION=Black aggregate of small to fine grains. Fd3m symmetry
##STATUS=The identification of this mineral has been confirmed only by single crystal X-ray diffraction
##URL=https://www.rruff.net/odr/rruff_sample/R140712
##DIFFRACTION SAMPLE DESCRIPTION=Single crystal, powder profile is calculated, Fd3m
##CELL PARAMETERS=a: 8.3985 b: 8.3985 c: 8.3985 alpha: 90 beta: 90 gamma: 90 volume: 592.39 crystal system: cubic
##FILETYPE=Raman Processed
##RAMAN WAVELENGTH=780

116.9915, 0.0000000E+00
117.4736, 0.7117000
117.9557, 1.369934
118.4378, 1.635376
118.9199, 0.9109800
119.4020, 9.1674998E-02
119.8842, 0.1453250
120.3663, 0.1562190
120.8484, 0.9196780
121.3305, 2.778412
121.8126, 4.449738
122.2947, 6.102570
122.7769, 7.443146
123.2590, 8.028839
123.7411, 7.557770
124.2232, 6.287445
124.7053, 5.364563
125.1874, 4.818298
125.6696, 4.554077
126.1517, 4.495605
126.6338, 4.645508
127.1159, 4.957428
127.5980, 5.478149
128.0801, 6.215332
128.5623, 7.054230
129.0444, 8.295776
129.5265, 9.470093
130.0086, 10.03333
130.4907, 9.878632
130.9728, 9.464081
131.4550, 8.870911
131.9371, 8.149841
132.4192, 7.517639
132.9013, 7.028076
133.3834, 6.742554
133.8655, 6.741425
134.3477, 7.166504
134.8298, 7.657440
135.3119, 8.086914
135.7940, 8.474335
136.2761, 8.842865
136.7582, 9.312775
137.2404, 9.979828
137.7225, 10.49072
138.2046, 10.83862
138.6867, 10.89603
139.1688, 10.60504
139.6509, 10.17395
140.1331, 9.494232
140.6152, 8.483643
141.0973, 7.111542
141.5794, 6.121582
142.0615, 5.578888
142.5436, 5.425568
143.0258, 5.655151
143.5079, 5.925903
143.9900, 6.188110
144.4721, 6.366974
144.9542, 6.247589
145.4363, 6.404358
145.9185, 6.930603
146.4006, 7.508911
146.8827, 8.203033
147.3648, 8.561707
147.8469, 8.614105
148.3290, 8.373260
148.8112, 7.520905
149.2933, 6.743408
149.7754, 6.400970
150.2575, 6.428375
150.7396, 6.544769
151.2217, 6.744995
151.7039, 6.942596
152.1860, 7.033875
152.6681, 7.018219
153.1502, 6.984619
153.6323, 6.942413
154.1144, 6.866882
154.5966, 6.878296
155.0787, 7.377655
155.5608, 7.741943
156.0429, 7.436920
156.5250, 6.365387
157.0071, 5.014404
157.4893, 4.046204
157.9714, 3.555420
158.4535, 3.262024
158.9356, 3.065125
159.4177, 3.017487
159.8998, 3.326309
160.3820, 4.019058
160.8641, 4.782028
161.3462, 4.753235
161.8283, 2.869400
162.3104, 1.684341
162.7925, 1.894043
163.2747, 2.706833
163.7568, 3.270569
164.2389, 3.158844
164.7210, 2.534775
165.2031, 2.070099
165.6852, 1.989807
166.1674, 1.815491
166.6495, 1.391922
167.1316, 0.8279420
167.6137, 0.2996220
168.0958, 0.1139530
168.5779, 0.3927760
169.0601, 0.4313050
169.5422, 8.3984002E-02
170.0243, 0.4725340
170.5064, 0.4349060
170.9885, 2.4994001E-02
171.4706, 0.5631260
171.9528, 1.330170
172.4349, 2.142960
172.9170, 2.549194
173.3991, 2.328735
173.8812, 1.891129
174.3633, 1.393021
174.8455, 0.4494320
175.3276, 0.1487120
175.8097, 0.1617580
176.2918, 0.9426730
176.7739, 1.402115
177.2560, 1.192062
177.7382, 0.7221220
178.2203, 0.5829770
178.7024, 0.9095760
179.1845, 1.133514
179.6666, 0.9001160
180.1487, 0.4077000
180.6309, 0.1313930
181.1130, 0.6803440
181.5951, 1.187119
182.0772, 1.486740
182.5593, 1.452209
183.0414, 1.409683
183.5236, 1.493500
184.0057, 1.638779
184.4878, 1.739838
184.9699, 1.707458
185.4520, 1.586594
185.9341, 1.672333
186.4163, 2.155807
186.8984, 2.652756
187.3805, 3.173401
187.8626, 3.635269
188.3447, 3.889893
188.8268, 3.794312
189.3090, 3.369049
189.7911, 3.246170
190.2732, 3.720505
190.7553, 4.194748
191.2374, 4.519547
191.7195, 4.718704
192.2017, 4.858871
192.6838, 4.968399
193.1659, 5.032928
193.6480, 5.405701
194.1301, 6.565933
194.6122, 7.511002
195.0944, 7.591125
195.5765, 6.996216
196.0586, 6.479507
196.5407, 6.681808
197.0228, 7.643295
197.5049, 8.395996
197.9871, 8.858307
198.4692, 9.200562
198.9513, 9.426407
199.4334, 9.570923
199.9155, 9.864838
200.3976, 10.60782
200.8798, 11.73799
201.3619, 12.44496
201.8440, 12.08118
202.3261, 11.66913
202.8082, 12.34294
203.2903, 14.20757
203.7725, 16.00450
204.2546, 16.44916
204.7367, 16.02165
205.2188, 16.10425
205.7009, 17.40567
206.1830, 19.16208
206.6652, 20.31076
207.1473, 20.71085
207.6294, 21.01085
208.1115, 21.54340
208.5936, 22.28055
209.0757, 23.22685
209.5579, 24.31779
210.0400, 25.64070
210.5221, 27.46849
211.0042, 30.02969
211.4863, 32.58015
211.9685, 34.81238
212.4506, 36.79550
212.9327, 38.57747
213.4148, 40.10953
213.8969, 41.49541
214.3790, 43.07617
214.8612, 45.05617
215.3433, 46.89084
215.8254, 48.61795
216.3075, 50.06125
216.7896, 50.97647
217.2717, 51.20149
217.7539, 50.81529
218.2360, 50.14386
218.7181, 49.13284
219.2002, 47.84908
219.6823, 46.33739
220.1644, 44.56879
220.6466, 42.47398
221.1287, 39.97649
221.6108, 37.17378
222.0929, 34.66672
222.5750, 32.55331
223.0571, 30.66202
223.5393, 29.13518
224.0214, 27.79712
224.5035, 26.38728
224.9856, 24.74370
225.4677, 22.92514
225.9498, 21.35558
226.4320, 20.08961
226.9141, 19.05598
227.3962, 18.37962
227.8783, 17.93097
228.3604, 17.50665
228.8425, 16.97603
229.3247, 16.36664
229.8068, 15.93578
230.2889, 15.76816
230.7710, 15.67970
231.2531, 15.79428
231.7352, 16.00208
232.2174, 16.08458
232.6995, 15.93393
233.1816, 15.59807
233.6637, 15.33542
234.1458, 15.24046
234.6279, 15.04489
235.1101, 14.65453
235.5922, 14.17310
236.0743, 13.75293
236.5564, 13.45631
237.0385, 13.24512
237.5206, 13.01340
238.0028, 12.74039
238.4849, 12.52719
238.9670, 12.40181
239.4491, 12.33966
239.9312, 12.31703
240.4133, 12.36882
240.8955, 12.37877
241.3776, 12.01640
241.8597, 11.04074
242.3418, 10.34276
242.8239, 10.59241
243.3060, 11.44151
243.7882, 11.87422
244.2703, 11.38359
244.7524, 10.53880
245.2345, 10.34918
245.7166, 10.95154
246.1987, 11.42603
246.6809, 11.17973
247.1630, 10.41393
247.6451, 9.803360
248.1272, 9.556381
248.6093, 9.526047
249.0914, 9.548141
249.5736, 9.623825
250.0557, 9.674667
250.5378, 9.602478
251.0199, 9.454681
251.5020, 9.440582
251.9841, 9.663696
252.4663, 9.951553
252.9484, 10.09973
253.4305, 10.12837
253.9126, 10.24770
254.3947, 10.61884
254.8768, 11.20302
255.3590, 11.81810
255.8411, 12.53792
256.3232, 13.14409
256.8053, 13.35329
257.2874, 13.29790
257.7695, 13.45743
258.2516, 14.35114
258.7338, 15.79703
259.2159, 16.75215
259.6980, 16.97322
260.1801, 16.97699
260.6622, 16.84200
261.1443, 16.73096
261.6265, 17.01393
262.1086, 18.14029
262.5907, 19.85547
263.0728, 20.89371
263.5549, 20.72701
264.0370, 20.68214
264.5192, 21.34692
265.0013, 22.46638
265.4834, 23.62074
265.9655, 24.56860
266.4476, 25.40027
266.9297, 26.45885
267.4119, 27.83293
267.8940, 29.30887
268.3761, 30.93675
268.8582, 32.57495
269.3403, 34.00671
269.8224, 35.08592
270.3046, 35.99983
270.7867, 37.29057
271.2688, 39.22766
271.7509, 41.07607
272.2330, 42.48764
272.7151, 43.85405
273.1973, 45.57812
273.6794, 47.83867
274.1615, 50.41426
274.6436, 52.86411
275.1257, 55.23955
275.6078, 57.37196
276.0900, 59.09996
276.5721, 60.68416
277.0542, 62.33502
277.5363, 64.12392
278.0184, 65.95868
278.5005, 67.77219
278.9827, 69.92151
279.4648, 71.18637
279.9469, 71.03535
280.4290, 70.49411
280.9111, 70.16771
281.3932, 70.20958
281.8754, 70.47308
282.3575, 70.84697
282.8396, 71.60159
283.3217, 71.74448
283.8038, 71.04697
284.2859, 69.98074
284.7681, 68.67618
285.2502, 67.23090
285.7323, 65.77805
286.2144, 64.49344
286.6965, 63.42090
287.1786, 62.13051
287.6608, 60.50362
288.1429, 58.75127
288.6250, 56.90144
289.1071, 55.01595
289.5892, 53.13695
290.0714, 51.25909
290.5535, 49.38559
291.0356, 47.83432
291.5177, 47.08257
291.9998, 46.17560
292.4819, 44.71045
292.9641, 42.88237
293.4462, 41.10020
293.9283, 39.64597
294.4104, 38.47403
294.8925, 37.19418
295.3746, 35.53169
295.8568, 34.06332
296.3389, 32.97214
296.8210, 32.08922
297.3031, 31.21353
297.7852, 30.24590
298.2673, 29.17604
298.7495, 27.97897
299.2316, 25.99870
299.7137, 24.74608
300.1958, 25.10501
300.6779, 25.81578
301.1600, 25.55481
301.6422, 23.90257
302.1243, 21.46259
302.6064, 19.30536
303.0885, 17.37741
303.5706, 15.92200
304.0527, 15.12608
304.5349, 14.62997
305.0170, 14.25813
305.4991, 13.94150
305.9812, 13.61974
306.4633, 13.23650
306.9454, 12.84534
307.4276, 12.17288
307.9097, 10.93771
308.3918, 9.720749
308.8739, 8.865646
309.3560, 8.347870
309.8381, 7.923706
310.3203, 7.360001
310.8024, 6.640259
311.2845, 6.128738
311.7666, 5.983749
312.2487, 5.851913
312.7308, 5.625671
313.2130, 5.313934
313.6951, 4.950623
314.1772, 4.549988
314.6593, 4.125031
315.1414, 3.786285
315.6235, 3.597214
316.1057, 3.415726
316.5878, 3.206543
317.0699, 2.993942
317.5520, 2.791214
318.0341, 2.603806
318.5162, 2.470612
318.9984, 2.503860
319.4805, 3.103165
319.9626, 3.329742
320.4447, 2.870209
320.9268, 2.206329
321.4089, 1.795197
321.8911, 1.751129
322.3732, 1.847778
322.8553, 1.745377
323.3374, 1.328751
323.8195, 0.9967350
324.3016, 0.8069310
324.7838, 0.6478420
325.2659, 0.3770750
325.7480, 3.3172999E-02
326.2301, 0.1513670
326.7122, 9.5412999E-02
327.1943, 0.8671570
327.6765, 1.270828
328.1586, 1.177719
328.6407, 0.8984990
329.1228, 0.3188630
329.6049, 0.3626860
330.0870, 0.7198640
330.5692, 0.4210970
331.0513, 0.4086610
331.5334, 0.8031310
332.0155, 0.2661900
332.4976, 0.1690830
332.9797, 0.3698880
333.4619, 0.3810880
333.9440, 0.2068630
334.4261, 0.1513980
334.9082, 0.5444490
335.3904, 0.5909580
335.8725, 0.1158910
336.3546, 0.5295720
336.8367, 0.2990110
337.3188, 1.8967001E-02
337.8009, 0.1146700
338.2831, 0.7704320
338.7652, 1.524994
339.2473, 1.773254
339.7294, 1.275696
340.2115, 1.024841
340.6936, 1.374481
341.1758, 1.627151
341.6579, 1.253510
342.1400, 0.4187320
342.6221, 0.2437290
343.1042, 0.1369170
343.5863, 0.7379000
344.0685, 1.265518
344.5506, 1.243134
345.0327, 1.040085
345.5148, 0.5566710
345.9969, 2.8152000E-02
346.4790, 0.4557950
346.9612, 0.5832370
347.4433, 0.4779660
347.9254, 0.3437810
348.4075, 0.1479950
348.8896, 1.9028001E-02
349.3717, 0.2450870
349.8539, 0.3857420
350.3360, 0.2408910
350.8181, 0.2304230
351.3002, 0.7696690
351.7823, 0.9388120
352.2644, 0.5506440
352.7466, 0.4099430
353.2287, 0.8037870
353.7108, 1.251831
354.1929, 1.501923
354.6750, 1.560440
355.1571, 1.593857
355.6393, 1.779633
356.1214, 2.116333
356.6035, 2.278519
357.0856, 2.170151
357.5677, 1.986771
358.0498, 1.609299
358.5320, 1.236313
359.0141, 1.257599
359.4962, 2.000336
359.9783, 3.095993
360.4604, 3.445862
360.9425, 2.571289
361.4247, 2.075287
361.9068, 2.827530
362.3889, 3.929382
362.8710, 4.569458
363.3531, 4.521744
363.8352, 4.177872
364.3174, 3.873596
364.7995, 3.572250
365.2816, 3.708435
365.7637, 4.804749
366.2458, 5.975555
366.7279, 6.658081
367.2101, 6.868820
367.6922, 6.918381
368.1743, 6.952560
368.6564, 6.988235
369.1385, 7.107956
369.6206, 7.341934
370.1028, 7.611069
370.5849, 7.873795
371.0670, 8.134720
371.5491, 8.392654
372.0312, 8.610703
372.5133, 8.864822
372.9955, 9.327316
373.4776, 10.03290
373.9597, 10.61594
374.4418, 10.79698
374.9239, 10.86610
375.4060, 11.21498
375.8882, 11.92342
376.3703, 12.61977
376.8524, 13.08383
377.3345, 13.36102
377.8166, 13.54359
378.2987, 13.56297
378.7809, 13.65938
379.2630, 14.18167
379.7451, 15.07378
380.2272, 15.89548
380.7093, 16.52107
381.1914, 16.98868
381.6736, 17.21574
382.1557, 17.17110
382.6378, 17.36607
383.1199, 18.31917
383.6020, 19.84821
384.0841, 21.04048
384.5663, 21.86504
385.0484, 22.37914
385.5305, 22.34924
386.0126, 21.98398
386.4947, 21.96925
386.9768, 22.62299
387.4590, 23.68950
387.9411, 24.72826
388.4232, 25.88167
388.9053, 26.72018
389.3874, 26.91109
389.8695, 26.84648
390.3517, 27.01132
390.8338, 27.50569
391.3159, 28.00069
391.7980, 28.12843
392.2801, 27.81992
392.7622, 27.80241
393.2444, 28.36040
393.7265, 28.90355
394.2086, 29.17067
394.6907, 29.20154
395.1728, 29.05603
395.6549, 28.73273
396.1371, 28.26146
396.6192, 27.87352
397.1013, 27.82300
397.5834, 27.64915
398.0655, 27.22577
398.5476, 26.65044
399.0298, 25.93036
399.5119, 25.15536
399.9940, 24.64551
400.4761, 24.84274
400.9582, 26.02106
401.4403, 26.79025
401.9225, 27.66296
402.4046, 27.76268
402.8867, 26.17226
403.3688, 23.44841
403.8509, 20.84225
404.3330, 19.12469
404.8152, 18.25757
405.2973, 18.14108
405.7794, 19.89157
406.2615, 20.67784
406.7436, 19.37946
407.2257, 17.25769
407.7079, 15.54921
408.1900, 14.64525
408.6721, 14.17189
409.1542, 13.57614
409.6363, 12.79338
410.1184, 12.21591
410.6006, 12.17952
411.0827, 12.09610
411.5648, 11.63354
412.0469, 10.85162
412.5290, 10.01656
413.0111, 9.260132
413.4933, 8.588531
413.9754, 8.038666
414.4575, 7.653671
414.9396, 7.275528
415.4217, 6.781479
415.9038, 6.270142
416.3860, 5.849319
416.8681, 5.531723
417.3502, 5.347855
417.8323, 5.434357
418.3144, 5.739197
418.7965, 5.842316
419.2787, 5.590836
419.7608, 5.171692
420.2429, 4.761154
420.7250, 4.358475
421.2071, 3.961578
421.6892, 3.386642
422.1714, 2.899109
422.6535, 3.049240
423.1356, 3.878036
423.6177, 4.462326
424.0998, 4.049408
424.5819, 2.900543
425.0641, 2.255753
425.5462, 2.509445
426.0283, 2.758911
426.5104, 2.458267
426.9925, 1.904053
427.4746, 1.743332
427.9568, 2.223404
428.4389, 2.907761
428.9210, 3.153000
429.4031, 2.819702
429.8852, 2.353073
430.3673, 1.586609
430.8495, 0.8173370
431.3316, 0.1820980
431.8137, 0.2794490
432.2958, 0.5385440
432.7779, 0.5820770
433.2600, 0.4025730
433.7422, 6.3354000E-02
434.2243, 1.530640
434.7064, 2.425003
435.1885, 2.167557
435.6706, 1.417496
436.1527, 0.8651120
436.6349, 0.7221980
437.1170, 0.7653350
437.5991, 0.6696320
438.0812, 0.3666230
438.5633, 0.1767580
439.0454, 4.3731999E-02
439.5276, 8.3267003E-02
440.0097, 0.5627140
440.4918, 1.254242
440.9739, 1.633560
441.4560, 1.280304
441.9381, 0.5176700
442.4203, 0.3665310
442.9024, 1.153534
443.3845, 1.684082
443.8666, 1.373627
444.3487, 0.7926180
444.8308, 0.3364260
445.3130, 7.6462001E-02
445.7951, 1.6129000E-02
446.2772, 0.1691280
446.7593, 0.5451510
447.2414, 0.6046450
447.7235, 0.1473540
448.2057, 0.3291320
448.6878, 0.4104310
449.1699, 0.2220610
449.6520, 3.1128000E-02
450.1341, 5.7983000E-02
450.6162, 0.1568450
451.0984, 0.4271240
451.5805, 0.8302000
452.0626, 1.102295
452.5447, 1.094131
453.0268, 0.9548030
453.5089, 1.006943
453.9911, 1.326797
454.4732, 1.459473
454.9553, 1.027908
455.4374, 0.5175780
455.9195, 0.5176700
456.4016, 1.046509
456.8838, 1.613983
457.3659, 1.811798
457.8480, 1.669418
458.3301, 1.729080
458.8122, 2.280502
459.2943, 2.658630
459.7765, 2.570801
460.2586, 2.263550
460.7407, 2.090103
461.2228, 2.162704
461.7049, 2.289780
462.1870, 2.152008
462.6692, 1.614639
463.1513, 1.388107
463.6334, 1.629822
464.1155, 1.922958
464.5976, 2.061707
465.0797, 2.106918
465.5619, 2.241898
466.0440, 2.595047
466.5261, 3.067017
467.0082, 3.371048
467.4903, 3.476273
467.9724, 3.585815
468.4546, 3.625214
468.9367, 3.709488
469.4188, 3.901276
469.9009, 4.212097
470.3830, 4.635590
470.8651, 5.331528
471.3473, 6.114471
471.8294, 6.221344
472.3115, 5.390747
472.7936, 4.634705
473.2757, 4.830093
473.7578, 5.520584
474.2400, 5.855637
474.7221, 5.604568
475.2042, 5.186615
475.6863, 4.720886
476.1684, 4.284363
476.6505, 4.168411
477.1327, 4.498215
477.6148, 5.024323
478.0969, 5.497726
478.5790, 5.945892
479.0611, 6.051743
479.5432, 5.466263
480.0254, 4.828766
480.5075, 4.511154
480.9896, 4.490280
481.4717, 4.641708
481.9538, 4.919525
482.4359, 5.248596
482.9181, 5.404678
483.4002, 5.186661
483.8823, 5.114136
484.3644, 5.292221
484.8465, 5.516220
485.3286, 5.606140
485.8108, 5.603714
486.2929, 5.568176
486.7750, 5.555756
487.2571, 5.553757
487.7392, 5.431488
488.2213, 5.024048
488.7035, 4.766190
489.1856, 4.807663
489.6677, 4.992706
490.1498, 5.254272
490.6319, 5.585846
491.1140, 5.816101
491.5962, 5.734146
492.0783, 5.360992
492.5604, 4.940445
493.0425, 4.394913
493.5246, 4.008392
494.0067, 4.204285
494.4889, 4.713745
494.9710, 4.907181
495.4531, 4.415970
495.9352, 3.827515
496.4173, 3.607239
496.8994, 3.684784
497.3816, 3.860580
497.8637, 4.109604
498.3458, 4.276611
498.8279, 4.081375
499.3100, 3.388977
499.7921, 2.949615
500.2743, 2.977554
500.7564, 3.156616
501.2385, 3.402924
501.7206, 3.628296
502.2027, 3.597946
502.6848, 3.169937
503.1670, 2.496109
503.6491, 2.043182
504.1312, 1.953308
504.6133, 1.895523
505.0954, 1.887421
505.5775, 1.869308
506.0597, 1.774673
506.5418, 1.631561
507.0239, 1.506104
507.5060, 1.444717
507.9881, 1.423294
508.4702, 1.326614
508.9524, 1.055862
509.4345, 0.9392240
509.9166, 1.297577
510.3987, 1.733627
510.8808, 1.857651
511.3629, 1.608429
511.8451, 1.307602
512.3271, 1.183563
512.8093, 1.188370
513.2914, 1.174469
513.7735, 1.109406
514.2556, 1.153687
514.7377, 1.549652
515.2198, 2.126236
515.7020, 2.308228
516.1841, 1.793961
516.6662, 1.298706
517.1483, 1.204468
517.6304, 1.314453
518.1125, 1.327866
518.5947, 1.167313
519.0768, 0.8509520
519.5589, 0.3299100
520.0410, 0.4764560
520.5231, 0.7039490
521.0052, 0.1903530
521.4874, 0.9577180
521.9695, 1.140366
522.4516, 0.9746700
522.9337, 0.8294680
523.4158, 0.8386840
523.8979, 0.8522190
524.3801, 0.5531460
524.8622, 0.2003940
525.3443, 0.4925540
525.8264, 0.2321010
526.3085, 0.8460080
526.7906, 0.7383730
527.2728, 0.1945340
527.7549, 0.2360230
528.2370, 0.3494260
528.7191, 0.2283020
529.2012, 0.1591190
529.6833, 0.7780760
530.1655, 1.094208
530.6476, 0.8992610
531.1297, 0.4833680
531.6118, 7.6201998E-02
532.0939, 0.3130190
532.5760, 0.5221710
533.0582, 0.3326720
533.5403, 0.1110080
534.0224, 0.2374570
534.5045, 0.5783690
534.9866, 0.6695560
535.4688, 0.2855530
535.9509, 0.3112790
536.4330, 0.6335600
536.9151, 0.5653840
537.3972, 0.4770360
537.8793, 0.2282560
538.3615, 9.0117998E-02
538.8436, 0.3851170
539.3257, 0.9051670
539.8078, 1.151978
540.2899, 0.8288730
540.7720, 0.1705470
541.2542, 0.3480380
541.7363, 0.8017880
542.2184, 0.8521270
542.7005, 2.4994001E-02
543.1826, 0.9222560
543.6647, 1.291611
544.1469, 1.202850
544.6290, 1.054474
545.1111, 1.051193
545.5932, 1.097107
546.0753, 1.026520
546.5574, 0.8450320
547.0396, 0.7103880
547.5217, 0.7046050
548.0038, 0.7441100
548.4859, 0.6880800
548.9680, 0.5306090
549.4501, 0.3856050
549.9323, 0.2413330
550.4144, 0.1437680
550.8965, 0.1397090
551.3786, 0.2174530
551.8607, 0.3591310
552.3428, 0.5684360
552.8250, 0.7639620
553.3071, 0.7328490
553.7892, 0.3017730
554.2713, 4.7561999E-02
554.7534, 0.3530880
555.2355, 0.5544740
555.7177, 0.6236720
556.1998, 0.5589900
556.6819, 0.3270260
557.1640, 0.1544650
557.6461, 0.6806030
558.1282, 0.7123260
558.6104, 0.1408690
559.0925, 0.2143250
559.5746, 5.3649999E-02
560.0567, 0.2966920
560.5388, 0.5910030
561.0209, 0.8204190
561.5031, 0.9361880
561.9852, 0.7380370
562.4673, 0.5464630
562.9494, 0.7435460
563.4315, 1.266068
563.9136, 1.850204
564.3958, 2.450546
564.8779, 2.852448
565.3600, 2.606827
565.8421, 1.261597
566.3242, 0.6020360
566.8063, 1.086258
567.2885, 1.804718
567.7706, 2.415192
568.2527, 2.841675
568.7348, 2.952057
569.2169, 2.669998
569.6990, 2.304459
570.1812, 2.605698
570.6633, 3.910675
571.1454, 4.500046
571.6275, 3.630585
572.1096, 2.634964
572.5917, 1.978577
573.0739, 1.722015
573.5560, 1.990021
574.0381, 3.015335
574.5202, 4.249878
575.0023, 5.237961
575.4844, 5.941162
575.9666, 5.992355
576.4487, 5.117310
576.9308, 4.169403
577.4129, 4.077789
577.8950, 4.837219
578.3771, 5.502716
578.8593, 6.308517
579.3414, 6.839340
579.8235, 6.722397
580.3056, 6.271454
580.7877, 5.969757
581.2698, 5.969391
581.7520, 6.144653
582.2341, 6.364746
582.7162, 6.625916
583.1984, 6.705353
583.6805, 6.390717
584.1626, 6.260010
584.6447, 6.587555
585.1268, 7.124832
585.6089, 7.555832
586.0911, 7.816895
586.5732, 8.055313
587.0553, 8.411575
587.5374, 8.846375
588.0195, 9.306305
588.5016, 9.830353
588.9838, 10.14558
589.4659, 9.982941
589.9480, 9.481354
590.4301, 9.147842
590.9122, 9.091034
591.3943, 9.058502
591.8765, 8.797974
592.3586, 8.578720
592.8407, 8.921722
593.3228, 9.766434
593.8049, 10.34117
594.2870, 9.989700
594.7692, 8.977005
595.2513, 8.560226
595.7334, 9.099762
596.2155, 9.614044
596.6976, 10.15060
597.1797, 10.51649
597.6619, 10.42169
598.1440, 9.992081
598.6261, 9.757141
599.1082, 10.16847
599.5903, 10.80014
600.0724, 10.84473
600.5546, 10.35535
601.0367, 9.910568
601.5188, 9.711670
602.0009, 9.618439
602.4830, 9.451538
602.9651, 9.212234
603.4473, 9.011093
603.9294, 8.937759
604.4115, 8.835098
604.8936, 8.565521
605.3757, 8.202667
605.8578, 7.917740
606.3400, 7.771729
606.8221, 7.644653
607.3042, 7.327820
607.7863, 6.746201
608.2684, 6.479187
608.7505, 6.912964
609.2327, 7.216782
609.7148, 7.139603
610.1969, 6.806870
610.6790, 6.292740
611.1611, 5.607300
611.6432, 5.083679
612.1254, 5.199234
612.6075, 5.693893
613.0896, 5.714310
613.5717, 5.141083
614.0538, 4.609726
614.5359, 4.550903
615.0181, 4.787857
615.5002, 4.771393
615.9823, 4.301529
616.4644, 4.051544
616.9465, 4.379425
617.4286, 4.815628
617.9108, 4.927017
618.3929, 4.745102
618.8750, 4.522034
619.3571, 4.404343
619.8392, 4.403519
620.3214, 4.628479
620.8035, 5.300690
621.2856, 5.510147
621.7677, 4.601974
622.2498, 3.741730
622.7319, 3.706253
623.2141, 4.199646
623.6962, 4.389771
624.1783, 3.787949
624.6604, 3.094955
625.1425, 3.054337
625.6246, 3.495941
626.1068, 3.873550
626.5889, 4.074677
627.0710, 4.149246
627.5531, 4.138794
628.0352, 4.043762
628.5173, 3.848511
628.9995, 3.252533
629.4816, 2.954788
629.9637, 3.263321
630.4458, 3.831009
630.9279, 4.422241
631.4100, 4.938339
631.8922, 5.251694
632.3743, 5.216293
632.8564, 4.926849
633.3385, 4.745667
633.8206, 4.709534
634.3027, 4.620575
634.7849, 4.334061
635.2670, 4.057327
635.7491, 3.979279
636.2312, 4.089661
636.7133, 4.284332
637.1954, 4.639084
637.6776, 4.970779
638.1597, 5.134506
638.6418, 5.160141
639.1239, 5.101913
639.6060, 4.978851
640.0881, 4.848038
640.5703, 4.775833
641.0524, 4.761536
641.5345, 4.828568
642.0166, 5.269165
642.4987, 5.436813
642.9808, 4.951584
643.4630, 4.278824
643.9451, 3.925446
644.4272, 3.971527
644.9093, 4.081787
645.3914, 3.840714
645.8735, 3.503601
646.3557, 3.917755
646.8378, 5.133133
647.3199, 5.790298
647.8020, 5.109344
648.2841, 3.894531
648.7662, 3.455322
649.2484, 3.924805
649.7305, 4.373520
650.2126, 4.840912
650.6947, 5.137894
651.1768, 5.060715
651.6589, 4.762299
652.1411, 4.468506
652.6232, 4.270081
653.1053, 4.205383
653.5874, 4.383316
654.0695, 4.807907
654.5516, 5.031448
655.0338, 4.939819
655.5159, 4.872604
655.9980, 5.109741
656.4801, 5.381119
656.9622, 5.369812
657.4443, 5.031937
657.9265, 4.629089
658.4086, 4.101593
658.8907, 3.704926
659.3728, 3.791702
659.8549, 4.215973
660.3370, 4.595428
660.8192, 4.733185
661.3013, 4.695770
661.7834, 4.585037
662.2655, 4.370316
662.7476, 4.279587
663.2297, 4.347107
663.7119, 4.440598
664.1940, 4.667969
664.6761, 4.866180
665.1582, 4.782852
665.6403, 4.351013
666.1224, 3.866379
666.6046, 3.526047
667.0867, 3.323914
667.5688, 3.252243
668.0509, 3.312073
668.5330, 3.498291
669.0151, 3.870514
669.4973, 4.269089
669.9794, 4.348557
670.4615, 3.922989
670.9436, 3.683121
671.4257, 3.832687
671.9078, 3.996643
672.3900, 3.972061
672.8721, 3.803360
673.3542, 3.562424
673.8363, 3.282593
674.3184, 3.067871
674.8005, 3.071564
675.2827, 3.269379
675.7648, 3.450974
676.2469, 3.650009
676.7290, 3.767288
677.2111, 3.700546
677.6932, 3.512383
678.1754, 3.315445
678.6575, 3.093048
679.1396, 2.974998
679.6217, 3.149780
680.1038, 3.298889
680.5859, 3.110046
681.0681, 2.710426
681.5502, 2.401787
682.0323, 2.317474
682.5144, 2.398827
682.9965, 2.589935
683.4786, 2.894882
683.9608, 3.031677
684.4429, 2.931725
684.9250, 2.812187
685.4071, 2.845978
685.8892, 2.851257
686.3713, 2.521667
686.8535, 1.801773
687.3356, 1.352539
687.8177, 1.686485
688.2998, 2.259308
688.7819, 2.598732
689.2640, 2.695587
689.7462, 2.551033
690.2283, 2.159073
690.7104, 1.766609
691.1925, 1.758049
691.6746, 2.196182
692.1567, 2.452713
692.6389, 2.513542
693.1210, 2.401657
693.6031, 1.984070
694.0852, 1.515083
694.5673, 1.185104
695.0494, 1.042770
695.5316, 1.027130
696.0137, 1.175957
696.4958, 1.390350
696.9779, 1.587265
697.4600, 1.737938
697.9421, 1.765984
698.4243, 1.645416
698.9064, 1.371658
699.3885, 0.8970950
699.8706, 0.1896440
700.3527, 0.1871490
700.8348, 7.6224998E-02
701.3170, 0.1859210
701.7991, 0.8555300
702.2812, 1.442284
702.7633, 1.312584
703.2454, 0.5383530
703.7275, 2.0149000E-02
704.2097, 0.3729780
704.6918, 1.130447
705.1739, 1.357460
705.6560, 1.115364
706.1381, 0.7080690
706.6202, 0.1626890
707.1024, 0.1933360
707.5845, 6.4392000E-02
708.0666, 0.9189530
708.5487, 1.311234
709.0308, 0.8392490
709.5129, 0.4614870
709.9951, 0.2864530
710.4772, 0.2809520
710.9593, 0.5271680
711.4414, 0.9328160
711.9235, 1.202667
712.4056, 1.150154
712.8878, 0.9076390
713.3699, 0.6403660
713.8520, 0.3550950
714.3341, 0.1174470
714.8162, 5.3298999E-02
715.2983, 0.2306590
715.7805, 0.5537570
716.2626, 0.9327470
716.7447, 0.8455510
717.2268, 0.3505940
717.7089, 1.064636
718.1910, 0.9083020
718.6732, 0.4576490
719.1553, 7.0068002E-02
719.6374, 0.5256810
720.1195, 0.6520920
720.6016, 0.2900920
721.0837, 0.2173230
721.5659, 0.3901290
722.0480, 0.2938460
722.5301, 0.3110580
723.0122, 0.5016710
723.4943, 0.6677700
723.9764, 0.6975710
724.4586, 0.6183780
724.9407, 0.4849700
725.4228, 0.2333530
725.9049, 8.5051998E-02
726.3870, 0.1182020
726.8691, 0.1911320
727.3513, 0.2888640
727.8334, 0.3532870
728.3155, 0.2722090
728.7976, 1.6220000E-02
729.2797, 0.2578580
729.7618, 0.3814470
730.2440, 0.3866420
730.7261, 0.3967130
731.2082, 0.4170840
731.6903, 0.3777690
732.1724, 0.2069470
732.6545, 4.0543001E-02
733.1367, 0.1234510
733.6188, 0.5454250
734.1009, 0.6806720
734.5830, 0.3088990
735.0651, 8.1130996E-02
735.5472, 0.3616870
736.0294, 0.5492250
736.5115, 0.6652450
736.9936, 0.7169490
737.4757, 0.7111360
737.9578, 0.6561050
738.4399, 0.5426560
738.9221, 0.3042910
739.4042, 4.4693001E-02
739.8863, 0.2997130
740.3684, 0.4241940
740.8505, 0.3825070
741.3326, 8.3626002E-02
741.8148, 0.4378050
742.2969, 0.7790070
742.7790, 0.9045940
743.2611, 0.9148710
743.7432, 0.7284160
744.2253, 0.5075610
744.7075, 0.2977830
745.1896, 0.1614910
745.6717, 0.2629620
746.1538, 0.7397160
746.6359, 1.216057
747.1180, 1.141968
747.6002, 0.6847760
748.0823, 0.4676670
748.5644, 0.5675510
749.0465, 0.7288280
749.5286, 0.8362730
750.0107, 0.8531190
750.4929, 0.6689450
750.9750, 8.7150998E-02
751.4571, 0.2041850
751.9392, 0.1597670
752.4213, 0.3836820
752.9034, 9.8007001E-02
753.3856, 0.7970430
753.8677, 0.9721910
754.3498, 0.4762500
754.8319, 6.2461998E-02
755.3140, 0.1136090
755.7961, 5.4466002E-02
756.2783, 2.5864000E-02
756.7604, 0.1914440
757.2425, 0.5526350
757.7246, 1.060806
758.2067, 1.511230
758.6888, 1.676949
759.1710, 1.557007
759.6531, 1.283966
760.1352, 0.5103070
760.6173, 0.1236500
761.0994, 0.6697770
761.5815, 1.270859
762.0637, 1.154892
762.5458, 0.5005110
763.0279, 0.1072240
763.5100, 0.4155430
763.9921, 0.8387530
764.4742, 0.8726580
764.9564, 0.6869350
765.4385, 0.6291430
765.9206, 0.7201460
766.4027, 0.7805790
766.8848, 0.6881940
767.3669, 0.5325240
767.8491, 0.5385590
768.3312, 0.7645110
768.8133, 0.9288710
769.2954, 0.9252400
769.7775, 1.004112
770.2596, 1.494110
770.7418, 2.024422
771.2239, 1.914146
771.7060, 0.9811710
772.1881, 0.6491240
772.6702, 2.257248
773.1523, 3.936050
773.6345, 3.998344
774.1166, 2.991066
774.5987, 2.122253
775.0808, 1.789452
775.5629, 1.625557
776.0450, 1.305908
776.5272, 0.8992920
777.0093, 0.7472150
777.4914, 0.8683780
777.9735, 1.037682
778.4556, 1.289597
778.9377, 1.513756
779.4199, 1.546982
779.9020, 1.437431
780.3841, 1.428139
780.8662, 1.633499
781.3483, 1.781296
781.8304, 1.727051
782.3126, 1.655548
782.7947, 1.727196
783.2768, 1.912895
783.7589, 2.055656
784.2410, 2.077538
784.7231, 2.232605
785.2053, 3.180016
785.6874, 4.544899
786.1695, 4.613129
786.6516, 3.231987
787.1337, 1.976814
787.6158, 1.529854
788.0980, 1.648880
788.5801, 2.068367
789.0622, 2.919258
789.5443, 3.200195
790.0264, 1.992012
790.5085, 1.429619
790.9907, 2.508110
791.4728, 3.998871
791.9549, 4.994865
792.4370, 5.387299
792.9191, 5.222305
793.4012, 4.214508
793.8834, 3.070709
794.3655, 2.417007
794.8476, 2.163406
795.3297, 2.254623
795.8118, 2.619026
796.2939, 2.812042
796.7761, 2.523918
797.2582, 1.953514
797.7403, 1.591423
798.2224, 1.467247
798.7045, 1.471977
799.1866, 1.648880
799.6688, 1.921364
800.1509, 2.404182
800.6330, 2.871155
801.1151, 2.969643
801.5972, 2.643456
802.0793, 2.481224
802.5615, 2.962090
803.0436, 3.324440
803.5257, 2.875481
804.0078, 2.106644
804.4899, 1.796928
804.9720, 2.048462
805.4542, 2.388100
805.9363, 2.442871
806.4184, 2.351982
806.9005, 2.478218
807.3826, 2.803680
807.8647, 2.876579
808.3469, 2.552116
808.8290, 2.294304
809.3111, 2.454437
809.7932, 2.917770
810.2753, 3.203880
810.7574, 3.248726
811.2396, 3.162636
811.7217, 2.853294
812.2038, 2.630058
812.6859, 2.670692
813.1680, 2.807182
813.6501, 2.830612
814.1323, 2.718445
814.6144, 2.620888
815.0965, 2.635948
815.5786, 2.690262
816.0607, 2.669762
816.5428, 2.622719
817.0250, 2.724075
817.5071, 2.995728
817.9892, 3.200432
818.4713, 3.123405
818.9534, 2.851669
819.4355, 2.698936
819.9177, 2.688484
820.3998, 2.669975
820.8819, 2.541489
821.3640, 2.550819
821.8461, 3.046928
822.3282, 3.714317
822.8104, 3.904617
823.2925, 3.479294
823.7746, 3.066864
824.2567, 2.657433
824.7388, 2.432381
825.2209, 2.630737
825.7031, 3.017525
826.1852, 3.286736
826.6673, 3.364029
827.1494, 3.313309
827.6315, 3.150246
828.1136, 2.925095
828.5958, 2.665802
829.0779, 2.405899
829.5600, 2.321968
830.0421, 2.450218
830.5242, 2.680367
831.0063, 2.955078
831.4885, 3.232254
831.9706, 3.367775
832.4527, 3.274605
832.9348, 3.273315
833.4169, 3.512611
833.8990, 3.654305
834.3812, 3.349182
834.8633, 2.995171
835.3454, 3.217476
835.8275, 4.091179
836.3096, 4.642174
836.7917, 4.285164
837.2739, 3.795731
837.7560, 3.635078
838.2381, 3.655006
838.7202, 3.644508
839.2023, 3.566299
839.6844, 3.466980
840.1666, 3.366631
840.6487, 3.303467
841.1308, 3.397789
841.6129, 3.612129
842.0950, 3.639450
842.5771, 3.428055
843.0593, 3.306824
843.5414, 3.499573
844.0235, 3.784012
844.5056, 3.700951
844.9877, 3.089554
845.4698, 2.936699
845.9520, 3.808556
846.4341, 4.403221
846.9162, 4.257423
847.3983, 3.818550
847.8804, 3.405075
848.3625, 3.069267
848.8447, 2.890007
849.3268, 2.889702
849.8089, 3.055428
850.2910, 3.488861
850.7731, 4.011505
851.2552, 4.508240
851.7374, 4.895828
852.2195, 4.985901
852.7016, 4.690826
853.1837, 4.250130
853.6658, 3.925064
854.1479, 3.718765
854.6301, 3.681152
855.1122, 3.824646
855.5943, 3.920815
856.0764, 3.896164
856.5585, 3.785728
857.0406, 3.572426
857.5228, 3.313934
858.0049, 3.395203
858.4870, 4.181824
858.9691, 4.544273
859.4512, 3.987228
859.9333, 3.452049
860.4155, 3.514153
860.8976, 3.911781
861.3797, 4.122986
861.8618, 4.024590
862.3439, 3.954147
862.8260, 4.134155
863.3082, 4.317215
863.7903, 4.312958
864.2724, 4.168190
864.7545, 3.895782
865.2366, 3.554085
865.7188, 3.407448
866.2009, 3.719276
866.6830, 4.238945
867.1651, 4.549583
867.6472, 4.644264
868.1293, 4.381905
868.6115, 3.720993
869.0936, 3.185204
869.5757, 3.102417
870.0578, 3.301079
870.5399, 3.443016
871.0220, 3.526611
871.5042, 3.559410
871.9863, 3.568542
872.4684, 3.485344
872.9505, 3.143791
873.4326, 2.809975
873.9147, 2.753372
874.3969, 2.942589
874.8790, 3.095467
875.3611, 3.201492
875.8432, 3.198059
876.3253, 2.907089
876.8074, 2.634460
877.2896, 2.731682
877.7717, 3.047539
878.2538, 3.148720
878.7359, 2.882225
879.2180, 2.580162
879.7001, 2.524521
880.1823, 2.583168
880.6644, 2.417572
881.1465, 2.100487
881.6286, 1.980309
882.1107, 2.139977
882.5928, 2.419083
883.0750, 2.687126
883.5571, 2.915207
884.0392, 2.995110
884.5213, 2.920952
885.0034, 2.785957
885.4855, 2.547821
885.9677, 2.371826
886.4498, 2.409409
886.9319, 2.511383
887.4140, 2.372368
887.8961, 1.917435
888.3782, 1.732529
888.8604, 2.135307
889.3425, 2.415840
889.8246, 2.363716
890.3067, 2.133286
890.7888, 1.715118
891.2709, 1.247101
891.7531, 1.119194
892.2352, 1.596680
892.7173, 2.026482
893.1994, 1.952576
893.6815, 1.600746
894.1636, 1.040779
894.6458, 0.4462510
895.1279, 0.2487720
895.6100, 0.5583650
896.0921, 1.012909
896.5742, 1.316566
897.0563, 1.453728
897.5385, 1.318199
898.0206, 0.9386220
898.5027, 0.6776350
898.9848, 0.5995480
899.4669, 0.6360630
899.9490, 0.7654720
900.4312, 0.9617160
900.9133, 1.177399
901.3954, 1.453484
901.8775, 1.599930
902.3596, 1.675674
902.8417, 1.449989
903.3239, 0.5219350
903.8060, 0.3766100
904.2881, 0.3828960
904.7702, 0.3484270
905.2523, 0.7750780
905.7344, 0.5047530
906.2166, 0.3597110
906.6987, 0.7183530
907.1808, 1.089485
907.6629, 1.068718
908.1450, 0.8287730
908.6271, 0.7514270
909.1093, 0.9284900
909.5914, 1.046356
910.0735, 0.8251340
910.5556, 0.4927520
911.0377, 0.2819440
911.5198, 0.1557620
912.0020, 1.8120000E-02
912.4841, 0.2187810
912.9662, 0.1410450
913.4483, 0.4554520
913.9304, 1.086533
914.4125, 0.7194820
914.8947, 0.4588320
915.3768, 0.8584980
915.8589, 0.3785250
916.3410, 3.6095001E-02
916.8231, 3.5698000E-02
917.3052, 0.1195070
917.7874, 0.1641390
918.2695, 9.5000997E-02
918.7516, 0.1433410
919.2337, 0.7347260
919.7158, 1.046051
920.1979, 0.8116840
920.6801, 0.5529480
921.1622, 0.6500850
921.6443, 0.8663940
922.1264, 0.7794720
922.6085, 0.3130040
923.0906, 1.3985000E-02
923.5728, 1.9493001E-02
924.0549, 0.1260300
924.5370, 0.3695830
925.0191, 0.5961300
925.5012, 0.6522220
925.9833, 0.5598300
926.4655, 0.4149780
926.9476, 0.2195660
927.4297, 0.1202470
927.9118, 0.3180310
928.3939, 0.5861510
928.8760, 0.6186830
929.3582, 0.5192950
929.8403, 0.6403120
930.3224, 1.019142
930.8045, 1.197731
931.2866, 0.7135160
931.7687, 2.1130000E-03
932.2509, 1.2050000E-03
932.7330, 0.5138850
933.2151, 0.5655980
933.6972, 7.8277998E-02
934.1793, 9.3540000E-03
934.6614, 0.8333050
935.1436, 1.793129
935.6257, 1.577370
936.1078, 0.2743150
936.5899, 0.2581860
937.0720, 0.2153850
937.5541, 0.5159070
938.0363, 0.3718490
938.5184, 6.1287001E-02
939.0005, 0.3128740
939.4826, 0.6612550
939.9647, 0.7179950
940.4468, 0.3576970
940.9290, 4.8583999E-02
941.4111, 0.2619480
941.8932, 0.4580920
942.3753, 0.3771900
942.8574, 0.2661820
943.3395, 0.4306180
943.8217, 0.7961200
944.3038, 0.9421010
944.7859, 0.6577910
945.2680, 0.3746260
945.7501, 0.1680980
946.2322, 9.4048001E-02
946.7144, 0.3379210
947.1965, 0.6843800
947.6786, 0.7031860
948.1607, 0.3560870
948.6428, 0.1760180
949.1249, 0.7185290
949.6071, 1.294121
950.0892, 1.045868
950.5713, 0.4234770
951.0534, 0.1444550
951.5355, 0.2534940
952.0176, 0.5806880
952.4998, 1.041344
952.9819, 1.362564
953.4640, 1.071968
953.9461, 0.4400410
954.4282, 0.4082490
954.9103, 0.8753810
955.3925, 0.9504930
955.8746, 0.4439620
956.3567, 0.1649250
956.8388, 0.7375340
957.3209, 1.677399
957.8030, 1.913078
958.2852, 1.385162
958.7673, 0.7525860
959.2494, 0.1269990
959.7315, 0.4563520
960.2136, 0.2952040
960.6957, 1.069550
961.1779, 0.7380680
961.6600, 0.4429090
962.1421, 1.011627
962.6242, 0.5893250
963.1063, 0.2801210
963.5884, 0.1792680
964.0706, 8.1740998E-02
964.5527, 8.5556000E-02
965.0348, 0.2900920
965.5169, 0.5138630
965.9990, 0.7508700
966.4811, 0.9391710
966.9633, 1.105629
967.4454, 1.170685
967.9275, 0.9923860
968.4096, 0.8289260
968.8917, 0.8930590
969.3738, 1.075668
969.8560, 1.182861
970.3381, 1.170044
970.8202, 1.133095
971.3023, 1.179634
971.7844, 1.137566
972.2665, 0.7384410
972.7487, 0.2721790
973.2308, 0.1343080
973.7129, 0.3385770
974.1950, 0.6661910
974.6771, 1.014412
975.1592, 1.279427
975.6414, 1.358543
976.1235, 1.320549
976.6056, 1.195023
977.0877, 1.036041
977.5698, 0.9784090
978.0519, 1.034935
978.5341, 1.122459
979.0162, 1.192497
979.4983, 1.272781
979.9804, 1.479752
980.4625, 1.726974
980.9446, 1.621292
981.4268, 1.197426
981.9089, 0.8329930
982.3910, 0.6280440
982.8731, 0.5814820
983.3552, 0.7093050
983.8373, 0.9442900
984.3195, 1.156891
984.8016, 1.355400
985.2837, 1.279243
985.7658, 0.8398670
986.2479, 0.6211090
986.7300, 0.8922040
987.2122, 1.246399
987.6943, 1.250160
988.1764, 0.9933240
988.6585, 0.9911040
989.1406, 1.412552
989.6227, 1.569038
990.1049, 1.246002
990.5870, 1.027878
991.0691, 1.223473
991.5512, 1.555695
992.0333, 1.716148
992.5154, 1.719566
992.9976, 1.635902
993.4797, 1.350533
993.9618, 1.149368
994.4439, 1.018921
994.9260, 1.008934
995.4081, 1.195854
995.8903, 1.429024
996.3724, 1.491707
996.8545, 1.353874
997.3366, 1.210381
997.8187, 1.040405
998.3008, 1.017586
998.7830, 1.357735
999.2651, 1.674835
999.7472, 1.635704
1000.229, 1.387772
1000.711, 1.216415
1001.194, 1.177658
1001.676, 1.124901
1002.158, 0.8523710
1002.640, 0.7152400
1003.122, 1.097359
1003.604, 1.577904
1004.086, 1.740349
1004.568, 1.625847
1005.050, 1.362686
1005.533, 0.9995120
1006.015, 0.8040700
1006.497, 1.227180
1006.979, 1.651733
1007.461, 1.213852
1007.943, 0.5064620
1008.425, 0.6308210
1008.907, 1.417191
1009.390, 1.806908
1009.872, 1.349533
1010.354, 0.7460480
1010.836, 0.6625520
1011.318, 0.8778380
1011.800, 1.037369
1012.282, 1.203712
1012.764, 1.664879
1013.246, 2.353256
1013.729, 2.678383
1014.211, 2.320625
1014.693, 1.752197
1015.175, 1.530754
1015.657, 1.585396
1016.139, 1.847672
1016.621, 2.225273
1017.103, 2.111992
1017.586, 1.445885
1018.068, 1.060722
1018.550, 1.419220
1019.032, 2.088470
1019.514, 2.356552
1019.996, 2.259789
1020.478, 1.988388
1020.960, 1.545052
1021.442, 1.334671
1021.925, 1.462624
1022.407, 1.660591
1022.889, 1.736343
1023.371, 1.757744
1023.853, 1.912689
1024.335, 2.203751
1024.817, 2.111000
1025.299, 1.541740
1025.781, 1.341774
1026.264, 1.805069
1026.746, 2.297256
1027.228, 2.337303
1027.710, 2.095757
1028.192, 1.971962
1028.674, 1.979980
1029.156, 1.989594
1029.638, 1.974495
1030.120, 2.069061
1030.603, 2.386574
1031.085, 2.643265
1031.567, 2.612419
1032.049, 2.375221
1032.531, 2.106552
1033.013, 1.751091
1033.495, 1.618698
1033.977, 1.885078
1034.460, 1.992531
1034.942, 1.663017
1035.424, 1.330986
1035.906, 1.352745
1036.388, 1.628128
1036.870, 1.892799
1037.352, 2.207314
1037.834, 2.293137
1038.317, 1.955070
1038.799, 1.692932
1039.281, 1.544075
1039.763, 1.567833
1040.245, 2.025269
1040.727, 2.666969
1041.209, 2.744263
1041.691, 2.017189
1042.173, 1.490952
1042.656, 1.194588
1043.138, 1.075287
1043.620, 1.236130
1044.102, 1.457962
1044.584, 1.661568
1045.066, 1.787155
1045.548, 1.642914
1046.030, 1.094177
1046.512, 0.7723010
1046.995, 0.8518680
1047.477, 1.020164
1047.959, 1.330467
1048.441, 1.565193
1048.923, 1.461250
1049.405, 1.170914
1049.887, 1.046188
1050.369, 1.125565
1050.852, 1.400772
1051.334, 2.212234
1051.816, 2.767372
1052.298, 2.581886
1052.780, 2.226250
1053.262, 2.216850
1053.744, 2.392731
1054.226, 2.291656
1054.708, 1.794456
1055.191, 1.403831
1055.673, 1.153114
1056.155, 1.168495
1056.637, 1.727409
1057.119, 2.361076
1057.601, 2.823387
1058.083, 3.025993
1058.565, 2.749046
1059.047, 1.915016
1059.530, 1.287651
1060.012, 1.269920
1060.494, 1.316048
1060.976, 1.167183
1061.458, 1.015724
1061.940, 1.076126
1062.422, 1.239632
1062.904, 1.224899
1063.387, 0.9818730
1063.869, 0.9210050
1064.351, 1.498047
1064.833, 1.896294
1065.315, 1.507568
1065.797, 1.016525
1066.279, 1.023003
1066.761, 1.343285
1067.244, 1.644699
1067.726, 1.847755
1068.208, 1.836700
1068.690, 1.341484
1069.172, 0.9228210
1069.654, 0.8847270
1070.136, 0.9750370
1070.618, 1.004662
1071.100, 1.013084
1071.583, 1.135262
1072.065, 1.370766
1072.547, 1.471611
1073.029, 1.247696
1073.511, 1.007797
1073.993, 0.9055400
1074.475, 0.8477710
1074.957, 0.7603760
1075.439, 0.6696930
1075.922, 0.5915600
1076.404, 0.5499650
1076.886, 0.6494600
1077.368, 1.042084
1077.850, 1.320984
1078.332, 1.093956
1078.814, 0.8949200
1079.297, 1.247467
1079.779, 1.779579
1080.261, 1.982529
1080.743, 1.848183
1081.225, 1.655556
1081.707, 1.479645
1082.189, 1.319679
1082.671, 1.085701
1083.153, 0.9691700
1083.635, 1.228012
1084.118, 1.591995
1084.600, 1.779747
1085.082, 1.750656
1085.564, 1.504417
1086.046, 0.9957200
1086.528, 0.5732270
1087.010, 0.3984300
1087.492, 0.3382720
1087.975, 0.4424510
1088.457, 0.5237810
1088.939, 0.2562180
1089.421, 0.1562190
1089.903, 0.1102980
1090.385, 0.5846630
1090.867, 1.029732
1091.349, 0.6416320
1091.832, 0.2328110
1092.314, 0.1740420
1092.796, 0.2599950
1093.278, 0.3643650
1093.760, 0.4559630
1094.242, 0.5330200
1094.724, 0.5917050
1095.206, 0.5345380
1095.688, 9.7030997E-02
1096.171, 0.1370470
1096.653, 0.2214810
1097.135, 0.6590730
1097.617, 0.8445430
1098.099, 0.8652880
1098.581, 0.8912280
1099.063, 0.9349370
1099.545, 0.8874590
1100.027, 0.6121060
1100.510, 0.4286800
1100.992, 0.4133990
1101.474, 0.5137180
1101.956, 0.8947300
1102.438, 1.233643
1102.920, 1.022156
1103.402, 0.3945770
1103.884, 0.1392440
1104.367, 0.5499650
1104.849, 0.9131930
1105.331, 1.085014
1105.813, 1.211357
1106.295, 1.472351
1106.777, 1.608688
1107.259, 1.187836
1107.741, 0.4681470
1108.224, 0.2514880
1108.706, 0.7681350
1109.188, 1.111938
1109.670, 1.152809
1110.152, 1.084953
1110.634, 0.9008870
1111.116, 0.6743470
1111.598, 0.4139940
1112.080, 0.1609650
1112.563, 5.9280000E-03
1113.045, 7.9329997E-02
1113.527, 0.1351170
1114.009, 0.1048510
1114.491, 0.1715620
1114.973, 0.5342180
1115.455, 0.7491000
1115.937, 0.4856340
1116.419, 6.5613002E-02
1116.902, 8.3480999E-02
1117.384, 1.1208000E-02
1117.866, 1.3901000E-02
1118.348, 0.1578140
1118.830, 0.2237630
1119.312, 0.1088560
1119.794, 3.4019001E-02
1120.276, 5.2901998E-02
1120.759, 0.1242290
1121.241, 0.2302630
1121.723, 0.3389660
1122.205, 0.3154910
1122.687, 9.3177997E-02
1123.169, 5.6823999E-02
1123.651, 0.2699580
1124.133, 0.4629210
1124.615, 0.5913310
1125.098, 0.6274950
1125.580, 0.4921110
1126.062, 0.2820820
1126.544, 0.1679230
1127.026, 0.1504590
1127.508, 0.2221220
1127.990, 0.4118420
1128.472, 0.4060750
1128.954, 0.1250380
1129.437, 0.1189960
1129.919, 0.1746830
1130.401, 0.1113740
1130.883, 7.1029998E-03
1131.365, 0.1289060
1131.847, 0.2597660
1132.329, 0.3868640
1132.811, 0.5844960
1133.294, 0.8503190
1133.776, 0.8417430
1134.258, 0.4431460
1134.740, 5.4420002E-02
1135.222, 1.2375000E-02
1135.704, 0.1828610
1136.186, 0.3407210
1136.668, 0.4819870
1137.151, 0.5529790
1137.633, 0.5875240
1138.115, 0.7854080
1138.597, 1.154579
1139.079, 1.487541
1139.561, 1.672928
1140.043, 1.616447
1140.525, 1.031067
1141.007, 0.2490390
1141.490, 0.1279070
1141.972, 0.1864930
1142.454, 8.2580999E-02
1142.936, 0.1448140
1143.418, 0.5338060
1143.900, 1.060074
1144.382, 1.385513
1144.864, 1.131981
1145.346, 0.8069840
1145.829, 1.097641
1146.311, 1.527618
1146.793, 1.425491
1147.275, 0.9856260
1147.757, 0.5703510
1148.239, 0.3145290
1148.721, 0.4004290
1149.203, 0.9930500
1149.686, 1.555542
1150.168, 1.863754
1150.650, 1.886803
1151.132, 1.334396
1151.614, 0.6926500
1152.096, 0.5305180
1152.578, 0.7432330
1153.060, 0.9761350
1153.542, 1.151924
1154.025, 1.203575
1154.507, 0.9945140
1154.989, 0.8363420
1155.471, 0.9537660
1155.953, 1.028915
1156.435, 0.7837750
1156.917, 0.4104610
1157.399, 0.1581190
1157.881, 4.2220999E-02
1158.364, 9.9560004E-03
1158.846, 5.3329999E-03
1159.328, 0.1837010
1159.810, 0.8422240
1160.292, 1.296547
1160.774, 1.298943
1161.256, 1.081757
1161.738, 0.7231290
1162.221, 0.3320770
1162.703, 0.1808400
1163.185, 0.3048710
1163.667, 0.3466720
1164.149, 0.1780550
1164.631, 0.3676990
1165.113, 1.221107
1165.595, 1.771553
1166.078, 1.446198
1166.560, 0.8110960
1167.042, 0.5472410
1167.524, 0.5992510
1168.006, 0.7636640
1168.488, 1.053558
1168.970, 1.071564
1169.452, 0.7835540
1169.934, 0.6744460
1170.417, 0.8871150
1170.899, 1.245270
1171.381, 1.646843
1171.863, 1.958382
1172.345, 1.834213
1172.827, 1.424957
1173.309, 1.419868
1173.791, 1.705345
1174.273, 1.719879
1174.756, 1.415756
1175.238, 1.133514
1175.720, 1.004311
1176.202, 0.8207240
1176.684, 0.2973330
1177.166, 0.1576690
1177.648, 9.2612997E-02
1178.130, 0.6053390
1178.613, 0.7745510
1179.095, 0.6870350
1179.577, 0.5116500
1180.059, 0.3577190
1180.541, 0.5465320
1181.023, 1.331100
1181.505, 1.769173
1181.987, 0.7836460
1182.469, 0.1425780
1182.952, 0.1894610
1183.434, 0.8731310
1183.916, 1.020103
1184.398, 0.7995990
1184.880, 0.6727520
1185.362, 0.7102890
1185.844, 0.8016130
1186.326, 1.082016
1186.808, 1.161064
1187.291, 0.6672130
1187.773, 0.3264920
1188.255, 0.6671370
1188.737, 1.122017
1189.219, 1.197037
1189.701, 0.9982300
1190.183, 0.8240810
1190.665, 0.6466670
1191.148, 0.5601430
1191.630, 0.6145320
1192.112, 0.5992660
1192.594, 0.4272380
1193.076, 0.3703380
1193.558, 0.6297300
1194.040, 0.8909070
1194.522, 0.6876980
1195.005, 0.2054060
1195.487, 0.2673720
1195.969, 0.8503720
1196.451, 1.331375
1196.933, 1.671112
1197.415, 1.828148
1197.897, 1.794868
1198.379, 1.612541
1198.861, 1.294968
1199.344, 0.9290010
1199.826, 0.5948640
1200.308, 0.3565440
1200.790, 0.3929900
1201.272, 0.5772630
1201.754, 0.6863170
1202.236, 0.6810150
1202.718, 0.4833530
1203.200, 0.1195070
1203.683, 5.9448000E-02
1204.165, 0.2403950
1204.647, 0.5447310
1205.129, 0.3987960
1205.611, 0.2114260
1206.093, 0.3555220
1206.575, 0.6399000
1207.057, 0.8199230
1207.540, 0.9246670
1208.022, 1.170029
1208.504, 1.627327
1208.986, 1.821922
1209.468, 1.391769
1209.950, 1.059669
1210.432, 1.047401
1210.914, 1.094780
1211.396, 1.050415
1211.879, 1.015816
1212.361, 1.111610
1212.843, 1.304916
1213.325, 1.482346
1213.807, 1.685150
1214.289, 1.636169
1214.771, 1.241638
1215.253, 0.9694520
1215.735, 0.9157790
1216.218, 0.9967500
1216.700, 1.196053
1217.182, 1.375359
1217.664, 1.347023
1218.146, 1.192924
1218.628, 1.009445
1219.110, 0.8630140
1219.592, 1.119484
1220.075, 1.670135
1220.557, 1.858765
1221.039, 1.572823
1221.521, 1.172668
1222.003, 0.8489150
1222.485, 0.6122060
1222.967, 0.3963620
1223.449, 0.3460010
1223.932, 0.9011920
1224.414, 1.517914
1224.896, 1.369873
1225.378, 0.7700960
1225.860, 0.3756640
1226.342, 0.2983860
1226.824, 0.3754730
1227.306, 0.6363910
1227.788, 0.7884060
1228.271, 0.6828690
1228.753, 0.5149150
1229.235, 0.3039020
1229.717, 0.1214140
1230.199, 2.3119999E-03
1230.681, 2.2171000E-02
1231.163, 2.7381999E-02
1231.645, 0.1483150
1232.127, 0.2734760
1232.610, 0.4257740
1233.092, 0.4360350
1233.574, 0.2349010
1234.056, 2.9327000E-02
1234.538, 0.1530000
1235.020, 9.4062999E-02
1235.502, 0.4294050
1235.984, 1.017746
1236.467, 0.8605730
1236.949, 0.1958390
1237.431, 9.0111002E-02
1237.913, 0.4104080
1238.395, 0.5343170
1238.877, 0.4710690
1239.359, 0.7413710
1239.841, 1.427368
1240.323, 1.893570
1240.806, 1.705391
1241.288, 1.307610
1241.770, 0.9686430
1242.252, 0.7937700
1242.734, 1.039001
1243.216, 1.360107
1243.698, 1.422707
1244.180, 1.221275
1244.662, 0.7550660
1245.145, 7.4653998E-02
1245.627, 0.2751390
1246.109, 0.1059420
1246.591, 0.3507160
1247.073, 6.1799999E-04
1247.555, 7.3021002E-02
1248.037, 0.8032300
1248.519, 1.588577
1249.002, 1.484085
1249.484, 0.8787230
1249.966, 0.4478230
1250.448, 0.1887890
1250.930, 3.5239998E-02
1251.412, 2.1118000E-02
1251.894, 0.2064510
1252.376, 0.7496030
1252.859, 0.9999770
1253.341, 0.7856520
1253.823, 0.6432040
1254.305, 0.9389570
1254.787, 1.359932
1255.269, 1.508514
1255.751, 1.467842
1256.233, 1.349388
1256.715, 1.188232
1257.198, 1.061813
1257.680, 0.9906850
1258.162, 1.006477
1258.644, 1.061508
1259.126, 1.100807
1259.608, 1.056847
1260.090, 1.111343
1260.572, 1.618156
1261.054, 1.990028
1261.537, 1.973938
1262.019, 1.693535
1262.501, 1.005661
1262.983, 0.2686840
1263.465, 3.7269998E-02
1263.947, 0.2481380
1264.429, 0.4924700
1264.911, 1.009483
1265.394, 1.242432
1265.876, 1.197426
1266.358, 1.012871
1266.840, 0.6619800
1267.322, 0.5221630
1267.804, 0.8754650
1268.286, 1.246384
1268.768, 0.9887310
1269.250, 0.6630860
1269.733, 2.065498
1270.215, 4.203026
1270.697, 4.410812
1271.179, 3.223419
1271.661, 2.236389
1272.143, 1.764450
1272.625, 1.653618
1273.107, 1.780624
1273.589, 1.872658
1274.072, 1.767021
1274.554, 1.457268
1275.036, 0.4391330
1275.518, 0.1888200
1276.000, 0.8650970
1276.482, 2.224236
1276.964, 2.180740
1277.446, 1.148483
1277.929, 0.6193080
1278.411, 0.6485520
1278.893, 0.6791530
1279.375, 0.3683170
1279.857, 0.3626400
1280.339, 0.3405990
1280.821, 0.2395480
1281.303, 0.1533200
1281.786, 6.9862001E-02
1282.268, 0.0000000E+00
##END=



