102.98399999999999	19136
106.06100000000001	19066
109.136	19212
112.209	19168
115.28100000000001	19290
118.351	19376
121.42	19216
124.48699999999999	19206
127.55200000000001	19166
130.61600000000001	19304
133.679	19190
136.74000000000001	19274
139.79900000000001	19286
142.857	19226
145.91399999999999	19046
148.96899999999999	19210
152.023	19026
155.07400000000001	19186
158.124	19084
161.173	19180
164.22	19104
167.26599999999999	18998
170.31	19160
173.35300000000001	19026
176.39400000000001	19150
179.434	19058
182.47200000000001	19092
185.50899999999999	19030
188.54400000000001	18994
191.577	18986
194.61000000000001	18896
197.64099999999999	18864
200.66999999999999	18944
203.69800000000001	18924
206.72399999999999	18880
209.74799999999999	18870
212.77199999999999	18770
215.792	18890
218.81299999999999	19228
221.83199999999999	19522
224.84899999999999	19970
227.864	20122
230.87799999999999	19800
233.89099999999999	19024
236.90199999999999	18854
239.911	18690
242.91999999999999	18696
245.92599999999999	18774
248.93100000000001	18660
251.935	18574
254.93700000000001	18448
257.93799999999999	18500
260.93700000000001	18530
263.935	18372
266.93099999999998	18354
269.92599999999999	18340
272.91899999999998	18246
275.911	18420
278.90100000000001	18526
281.88999999999999	18576
284.87799999999999	18966
287.863	19472
290.84800000000001	20356
293.82999999999998	20828
296.81200000000001	20644
299.791	19974
302.76999999999998	19460
305.74700000000001	18748
308.72300000000001	18516
311.697	18344
314.66899999999998	18018
317.63999999999999	17876
320.60899999999998	17716
323.57799999999997	17748
326.54500000000002	17580
329.50999999999999	17610
332.47300000000001	17544
335.43599999999998	17450
338.39699999999999	17362
341.35599999999999	17532
344.31400000000002	17370
347.26999999999998	17288
350.22500000000002	17178
353.178	17404
356.13099999999997	17290
359.08100000000002	17320
362.03100000000001	17206
364.97800000000001	17066
367.92399999999998	17082
370.87	16972
373.81299999999999	17080
376.75400000000002	17024
379.69499999999999	16920
382.63400000000001	16836
385.57100000000003	16844
388.50700000000001	16848
391.44200000000001	16812
394.375	16774
397.30700000000002	16966
400.23700000000002	17040
403.16500000000002	17160
406.09300000000002	17368
409.01900000000001	17756
411.94400000000002	17848
414.86599999999999	17780
417.78899999999999	17492
420.709	17046
423.62700000000001	16850
426.54399999999998	16620
429.45999999999998	16576
432.375	16368
435.28800000000001	16276
438.19900000000001	16068
441.10899999999998	16044
444.01799999999997	15972
446.92599999999999	16114
449.83100000000002	16038
452.73599999999999	15868
455.63900000000001	15824
458.54000000000002	15924
461.44	15876
464.339	15798
467.23599999999999	15820
470.13200000000001	15814
473.02699999999999	15782
475.92000000000002	15708
478.81099999999998	15616
481.702	15574
484.58999999999997	15590
487.47800000000001	15662
490.36399999999998	15606
493.24799999999999	15584
496.13099999999997	15660
499.01299999999998	15508
501.89299999999997	15446
504.77199999999999	15338
507.649	15330
510.52600000000001	15214
513.39999999999998	15026
516.27300000000002	15062
519.14499999999998	14980
522.01599999999996	15028
524.88499999999999	15012
527.75199999999995	14906
530.61800000000005	14866
533.48299999999995	14840
536.34699999999998	14918
539.20799999999997	14832
542.06899999999996	14754
544.928	14654
547.78599999999994	14642
550.64200000000005	14656
553.49699999999996	14610
556.351	14536
559.20299999999997	14464
562.053	14410
564.90300000000002	14388
567.75099999999998	14236
570.59699999999998	14226
573.44200000000001	14296
576.28599999999994	14284
579.12900000000002	14210
581.97000000000003	14144
584.80999999999995	14134
587.64800000000002	14148
590.48500000000001	14190
593.32000000000005	14224
596.154	14156
598.98699999999997	14120
601.81899999999996	14048
604.649	14242
607.47699999999998	14348
610.30399999999997	14176
613.13	14298
615.95399999999995	14308
618.77700000000004	14262
621.59900000000005	14050
624.41999999999996	13838
627.23800000000006	13638
630.05600000000004	13508
632.87199999999996	13554
635.68700000000001	13370
638.5	13430
641.31299999999999	13304
644.12300000000005	13242
646.93200000000002	13282
649.74000000000001	13172
652.54700000000003	13126
655.35199999999998	13178
658.15599999999995	13190
660.95799999999997	13066
663.75999999999999	13026
666.55899999999997	13020
669.35799999999995	12982
672.15499999999997	12920
674.95000000000005	12876
677.74400000000003	12754
680.53800000000001	12662
683.32899999999995	12654
686.11900000000003	12600
688.90800000000002	12514
691.69500000000005	12508
694.48199999999997	12434
697.26700000000005	12478
700.04999999999995	12436
702.83299999999997	12206
705.61300000000006	12276
708.39300000000003	12242
711.16999999999996	12266
713.947	12192
716.72199999999998	12124
719.49599999999998	12102
722.26900000000001	12050
725.04100000000005	11990
727.80999999999995	12046
730.57899999999995	12030
733.346	11966
736.11300000000006	11932
738.87699999999995	11942
741.63999999999999	11904
744.40200000000004	11808
747.16200000000003	11664
749.92200000000003	11694
752.67999999999995	11652
755.43600000000004	11506
758.19100000000003	11504
760.94600000000003	11510
763.69799999999998	11486
766.44899999999996	11410
769.19899999999996	11308
771.947	11312
774.69500000000005	11322
777.44100000000003	11264
780.18499999999995	11120
782.92899999999997	11176
785.66999999999996	11122
788.41099999999994	11162
791.14999999999998	11064
793.88800000000003	11062
796.625	10970
799.36000000000001	10968
802.09400000000005	10962
804.82600000000002	10870
807.55799999999999	10860
810.28700000000003	10810
813.01599999999996	10830
815.74400000000003	10868
818.47000000000003	10830
821.19399999999996	10712
823.91800000000001	10572
826.63999999999999	10580
829.36099999999999	10518
832.08000000000004	10426
834.798	10462
837.51499999999999	10420
840.23099999999999	10370
842.94399999999996	10340
845.65800000000002	10326
848.37	10308
851.07899999999995	10242
853.78800000000001	10276
856.49599999999998	10202
859.202	10134
861.90700000000004	10140
864.61099999999999	10104
867.31399999999996	10064
870.01499999999999	10070
872.71500000000003	10000
875.41300000000001	9986
878.11000000000001	9968
880.80700000000002	9896
883.50099999999998	9784
886.19399999999996	9802
888.88599999999997	9812
891.577	9750
894.26599999999996	9696
896.95500000000004	9670
899.64099999999996	9588
902.327	9626
905.01099999999997	9574
907.69399999999996	9540
910.37599999999998	9580
913.05600000000004	9490
915.73599999999999	9440
918.41300000000001	9366
921.08900000000006	9404
923.76499999999999	9274
926.43799999999999	9328
929.11099999999999	9306
931.78300000000002	9204
934.45299999999997	9214
937.12199999999996	9182
939.78899999999999	9178
942.45600000000002	9142
945.12	9098
947.78399999999999	9080
950.447	9090
953.10799999999995	9030
955.76700000000005	8942
958.42600000000004	8866
961.08299999999997	8830
963.73900000000003	8818
966.39400000000001	8818
969.04700000000003	8728
971.69899999999996	8704
974.351	8724
977	8720
979.64800000000002	8664
982.29600000000005	8502
984.94200000000001	8546
987.58600000000001	8652
990.22900000000004	8618
992.87099999999998	8556
995.51199999999994	8500
998.15099999999995	8628
1000.79	8668
1003.4299999999999	9028
1006.0599999999999	9202
1008.7	9208
1011.33	8984
1013.96	8552
1016.59	8374
1019.22	8326
1021.85	8260
1024.48	8212
1027.0999999999999	8192
1029.73	8136
1032.3499999999999	8084
1034.97	8112
1037.5899999999999	8102
1040.21	7926
1042.8299999999999	7950
1045.45	7900
1048.0599999999999	7882
1050.6800000000001	7876
1053.29	7864
1055.9000000000001	7842
1058.51	7706
1061.1199999999999	7784
1063.73	7768
1066.3399999999999	7700
1068.9400000000001	7664
1071.55	7688
1074.1500000000001	7666
1076.75	7634
1079.3499999999999	7582
1081.95	7602
1084.55	7502
1087.1500000000001	7520
1089.74	7468
1092.3399999999999	7480
1094.9300000000001	7460
1097.52	7362
1100.1099999999999	7354
1102.7	7316
1105.29	7282
1107.8800000000001	7296
1110.46	7276
1113.05	7218
1115.6300000000001	7180
1118.21	7124
1120.79	7160
1123.3699999999999	7052
1125.95	7074
1128.53	7162
1131.0999999999999	7116
1133.6800000000001	7122
1136.25	7132
1138.8199999999999	7076
1141.3900000000001	7048
1143.96	6964
1146.53	6952
1149.0999999999999	6862
1151.6700000000001	6910
1154.23	6884
1156.8	6804
1159.3599999999999	6748
1161.9200000000001	6794
1164.48	6784
1167.04	6744
1169.5999999999999	6658
1172.1500000000001	6684
1174.71	6722
1177.26	6682
1179.8099999999999	6582
1182.3599999999999	6582
1184.9200000000001	6486
1187.46	6520
1190.01	6512
1192.5599999999999	6460
1195.0999999999999	6422
1197.6500000000001	6442
1200.1900000000001	6372
1202.73	6336
1205.27	6348
1207.8099999999999	6314
1210.3499999999999	6298
1212.8900000000001	6318
1215.4300000000001	6272
1217.96	6280
1220.49	6244
1223.02	6286
1225.5599999999999	6218
1228.0899999999999	6188
1230.6099999999999	6148
1233.1400000000001	6158
1235.6700000000001	6080
1238.1900000000001	6080
1240.72	6106
1243.24	6054
1245.76	6004
1248.28	5942
1250.8	6036
1253.3199999999999	5874
1255.8299999999999	5928
1258.3499999999999	5830
1260.8599999999999	5852
1263.3800000000001	5884
1265.8900000000001	5870
1268.4000000000001	5830
1270.9100000000001	5772
1273.4200000000001	5814
1275.9200000000001	5772
1278.4300000000001	5764
1280.9400000000001	5692
1283.4400000000001	5654
1285.9400000000001	5624
1288.4400000000001	5652
1290.9400000000001	5672
1293.4400000000001	5566
1295.9400000000001	5598
1298.4400000000001	5548
1300.9300000000001	5604
1303.4200000000001	5558
1305.9200000000001	5550
1308.4100000000001	5562
1310.9000000000001	5470
1313.3900000000001	5484
1315.8800000000001	5470
1318.3599999999999	5418
1320.8499999999999	5380
1323.3299999999999	5392
1325.8199999999999	5398
1328.3	5420
1330.78	5296
1333.26	5314
1335.74	5266
1338.22	5264
1340.6900000000001	5166
1343.1700000000001	5198
1345.6400000000001	5148
1348.1199999999999	5120
1350.5899999999999	5126
1353.0599999999999	5134
1355.53	5090
1358	5026
1360.46	5048
1362.9300000000001	5024
1365.4000000000001	5042
1367.8599999999999	4936
1370.3199999999999	4924
1372.78	4882
1375.24	4860
1377.7	4794
1380.1600000000001	4782
1382.6199999999999	4768
1385.0699999999999	4756
1387.53	4720
1389.98	4756
1392.4300000000001	4712
1394.8800000000001	4700
1397.3299999999999	4648
1399.78	4620
1402.23	4658
1404.6800000000001	4620
1407.1199999999999	4586
1409.5599999999999	4582
1412.01	4546
1414.45	4502
1416.8900000000001	4480
1419.3299999999999	4498
1421.77	4470
1424.2	4446
1426.6400000000001	4506
1429.0799999999999	4462
1431.51	4408
1433.9400000000001	4418
1436.3699999999999	4364
1438.8	4372
1441.23	4362
1443.6600000000001	4408
1446.0899999999999	4356
1448.51	4342
1450.9400000000001	4300
1453.3599999999999	4304
1455.78	4250
1458.2	4298
1460.6199999999999	4268
1463.04	4270
1465.46	4216
1467.8800000000001	4212
1470.29	4260
1472.71	4188
1475.1199999999999	4234
1477.53	4162
1479.9400000000001	4208
1482.3499999999999	4158
1484.76	4150
1487.1700000000001	4112
1489.5799999999999	4112
1491.98	4118
1494.3900000000001	4030
1496.79	4062
1499.1900000000001	4078
1501.5899999999999	4110
1503.99	4066
1506.3900000000001	4016
1508.79	3994
1511.1800000000001	3950
1513.5799999999999	3966
1515.97	3980
1518.3699999999999	3994
1520.76	3962
1523.1500000000001	4006
1525.54	3868
1527.9300000000001	3906
1530.3099999999999	3904
1532.7	3886
1535.0899999999999	3832
1537.47	3840
1539.8499999999999	3800
1542.23	3834
1544.6099999999999	3840
1546.99	3804
1549.3699999999999	3848
1551.75	3762
1554.1300000000001	3798
1556.5	3738
1558.8699999999999	3736
1561.25	3690
1563.6199999999999	3710
1565.99	3682
1568.3599999999999	3712
1570.73	3658
1573.0999999999999	3612
1575.46	3594
1577.8299999999999	3592
1580.1900000000001	3616
1582.55	3554
1584.9200000000001	3566
1587.28	3570
1589.6400000000001	3564
1591.99	3574
1594.3499999999999	3578
1596.71	3522
1599.0599999999999	3570
1601.4200000000001	3472
1603.77	3478
1606.1199999999999	3500
1608.47	3442
1610.8199999999999	3440
1613.1700000000001	3414
1615.52	3486
1617.8699999999999	3394
1620.21	3418
1622.5599999999999	3416
1624.9000000000001	3364
1627.24	3362
1629.5799999999999	3326
1631.9200000000001	3324
1634.26	3320
1636.5999999999999	3300
1638.9300000000001	3272
1641.27	3284
1643.5999999999999	3270
1645.9400000000001	3194
1648.27	3276
1650.5999999999999	3232
1652.9300000000001	3190
1655.26	3174
1657.5899999999999	3182
1659.9200000000001	3226
1662.24	3176
1664.5699999999999	3130
1666.8900000000001	3164
1669.21	3138
1671.53	3084
1673.8499999999999	3084
1676.1700000000001	3096
1678.49	3056
1680.8099999999999	3052
1683.1300000000001	3010
1685.4400000000001	3028
1687.75	3044
1690.0699999999999	2998
1692.3800000000001	3022
1694.6900000000001	3018
1697	2982
1699.3099999999999	2996
1701.6199999999999	2928
1703.9200000000001	2898
1706.23	2928
1708.53	2924
1710.8399999999999	2876
1713.1400000000001	2880
1715.4400000000001	2918
1717.74	2872
1720.04	2878
1722.3299999999999	2830
1724.6300000000001	2860
1726.9300000000001	2758
1729.22	2744
1731.52	2770
1733.8099999999999	2800
1736.0999999999999	2768
1738.3900000000001	2730
1740.6800000000001	2676
1742.97	2704
1745.26	2694
1747.54	2716
1749.8299999999999	2704
1752.1099999999999	2634
1754.3900000000001	2626
1756.6800000000001	2608
1758.96	2604
1761.24	2582
1763.52	2590
1765.79	2560
1768.0699999999999	2568
1770.3499999999999	2548
1772.6199999999999	2532
1774.8900000000001	2534
1777.1700000000001	2514
1779.4400000000001	2520
1781.71	2520
1783.98	2500
1786.25	2458
1788.51	2442
1790.78	2470
1793.04	2424
1795.3099999999999	2386
1797.5699999999999	2414
1799.8299999999999	2388
1802.0899999999999	2418
1804.3499999999999	2388
1806.6099999999999	2372
1808.8699999999999	2368
1811.1300000000001	2336
1813.3800000000001	2326
1815.6400000000001	2312
1817.8900000000001	2282
1820.1400000000001	2276
1822.4000000000001	2260
1824.6500000000001	2274
1826.9000000000001	2234
1829.1400000000001	2210
1831.3900000000001	2188
1833.6400000000001	2198
1835.8800000000001	2216
1838.1300000000001	2180
1840.3699999999999	2168
1842.6099999999999	2172
1844.8499999999999	2156
1847.0899999999999	2142
1849.3299999999999	2126
1851.5699999999999	2170
1853.8099999999999	2116
1856.05	2114
1858.28	2084
1860.51	2028
1862.75	2042
1864.98	2070
1867.21	2060
1869.4400000000001	2056
1871.6700000000001	2048
1873.9000000000001	2008
1876.1199999999999	2008
1878.3499999999999	2030
1880.5699999999999	2026
1882.8	1958
1885.02	1954
1887.24	1986
1889.46	1930
1891.6800000000001	1928
1893.9000000000001	1966
1896.1199999999999	1904
1898.3399999999999	1916
1900.55	1926
1902.77	1920
1904.98	1870
1907.1900000000001	1838
1909.4000000000001	1838
1911.6099999999999	1834
1913.8199999999999	1844
1916.03	1844
1918.24	1806
1920.4400000000001	1810
1922.6500000000001	1776
1924.8499999999999	1770
1927.0599999999999	1780
1929.26	1792
1931.46	1778
1933.6600000000001	1750
1935.8599999999999	1764
1938.0599999999999	1740
1940.26	1710
1942.45	1708
1944.6500000000001	1728
1946.8399999999999	1728
1949.04	1680
1951.23	1680
1953.4200000000001	1674
1955.6099999999999	1672
1957.8	1644
1959.99	1616
1962.1700000000001	1644
1964.3599999999999	1634
1966.55	1636
1968.73	1624
1970.9100000000001	1640
1973.0999999999999	1592
1975.28	1572
1977.46	1564
1979.6400000000001	1546
1981.8099999999999	1550
1983.99	1568
1986.1700000000001	1562
1988.3399999999999	1486
1990.52	1492
1992.6900000000001	1504
1994.8599999999999	1492
1997.03	1472
1999.2	1464
2001.3699999999999	1432
2003.54	1460
2005.71	1424
2007.8800000000001	1460
2010.04	1408
2012.21	1404
2014.3699999999999	1384
2016.53	1356
2018.6900000000001	1400
2020.8499999999999	1374
2023.01	1366
2025.1700000000001	1362
2027.3299999999999	1370
2029.48	1362
2031.6400000000001	1356
2033.79	1344
2035.95	1342
2038.0999999999999	1370
2040.25	1332
2042.4000000000001	1332
2044.55	1326
2046.7	1308
2048.8499999999999	1328
2050.9899999999998	1296
2053.1399999999999	1274
2055.2800000000002	1258
2057.4299999999998	1254
2059.5700000000002	1258
2061.71	1240
2063.8499999999999	1262
2065.9899999999998	1252
2068.1300000000001	1228
2070.27	1226
2072.4099999999999	1196
2074.54	1204
2076.6799999999998	1200
2078.8099999999999	1166
2080.9400000000001	1164
2083.0799999999999	1160
2085.21	1164
2087.3400000000001	1180
2089.4699999999998	1148
2091.5900000000001	1146
2093.7199999999998	1152
2095.8499999999999	1172
2097.9699999999998	1140
2100.0999999999999	1126
2102.2199999999998	1124
2104.3400000000001	1076
2106.46	1086
2108.5799999999999	1094
2110.6999999999998	1084
2112.8200000000002	1080
2114.9400000000001	1084
2117.0500000000002	1088
2119.1700000000001	1052
2121.2800000000002	1072
2123.4000000000001	1060
2125.5100000000002	1054
2127.6199999999999	1048
2129.73	1026
2131.8400000000001	1036
2133.9499999999998	982
2136.0599999999999	1030
2138.1700000000001	1012
2140.27	1012
2142.3800000000001	994
2144.48	986
2146.5799999999999	1000
2148.6900000000001	984
2150.79	942
2152.8899999999999	968
2154.9899999999998	952
2157.0799999999999	942
2159.1799999999998	940
2161.2800000000002	940
2163.3699999999999	944
2165.4699999999998	932
2167.5599999999999	936
2169.6500000000001	922
2171.7399999999998	930
2173.8400000000001	920
2175.9299999999998	902
2178.0100000000002	930
2180.0999999999999	892
2182.1900000000001	900
2184.27	904
2186.3600000000001	884
2188.4400000000001	882
2190.5300000000002	892
2192.6100000000001	880
2194.6900000000001	868
2196.77	848
2198.8499999999999	858
2200.9299999999998	866
2203	858
2205.0799999999999	818
2207.1599999999999	824
2209.23	836
2211.3000000000002	836
2213.3800000000001	848
2215.4499999999998	828
2217.52	830
2219.5900000000001	818
2221.6599999999999	810
2223.73	792
2225.79	798
2227.8600000000001	786
2229.9200000000001	810
2231.9899999999998	794
2234.0500000000002	762
2236.1100000000001	756
2238.1799999999998	766
2240.2399999999998	768
2242.3000000000002	758
2244.3499999999999	768
2246.4099999999999	748
2248.4699999999998	724
2250.52	736
2252.5799999999999	714
2254.6300000000001	726
2256.6900000000001	730
2258.7399999999998	696
2260.79	736
2262.8400000000001	698
2264.8899999999999	716
2266.9400000000001	706
2268.98	702
2271.0300000000002	714
2273.0799999999999	688
2275.1199999999999	700
2277.1599999999999	680
2279.21	686
2281.25	676
2283.29	684
2285.3299999999999	640
2287.3699999999999	686
2289.4099999999999	646
2291.4499999999998	650
2293.48	660
2295.52	664
2297.5500000000002	656
2299.5799999999999	624
2301.6199999999999	628
2303.6500000000001	614
2305.6799999999998	624
2307.71	612
2309.7399999999998	616
2311.77	626
2313.79	608
2315.8200000000002	610
2317.8499999999999	598
2319.8699999999999	588
2321.8899999999999	602
2323.9200000000001	586
2325.9400000000001	584
2327.96	600
2329.98	586
2332	586
2334.02	576
2336.0300000000002	572
2338.0500000000002	592
2340.0599999999999	556
2342.0799999999999	562
2344.0900000000001	588
2346.1100000000001	568
2348.1199999999999	580
2350.1300000000001	562
2352.1399999999999	554
2354.1500000000001	554
2356.1500000000001	544
2358.1599999999999	538
2360.1700000000001	512
2362.1700000000001	538
2364.1799999999998	542
2366.1799999999998	528
2368.1799999999998	526
2370.1900000000001	520
2372.1900000000001	516
2374.1900000000001	502
2376.1900000000001	516
2378.1799999999998	518
2380.1799999999998	504
2382.1799999999998	492
2384.1700000000001	492
2386.1700000000001	506
2388.1599999999999	490
2390.1500000000001	500
2392.1500000000001	486
2394.1399999999999	470
2396.1300000000001	484
2398.1199999999999	482
2400.0999999999999	480
2402.0900000000001	454
2404.0799999999999	468
2406.0599999999999	470
2408.0500000000002	458
2410.0300000000002	468
2412.02	470
2414	436
2415.98	446
2417.96	452
2419.9400000000001	444
2421.9200000000001	434
2423.8899999999999	452
2425.8699999999999	436
2427.8499999999999	444
2429.8200000000002	430
2431.8000000000002	430
2433.77	438
2435.7399999999998	428
2437.71	434
2439.6799999999998	404
2441.6500000000001	430
2443.6199999999999	418
2445.5900000000001	396
2447.5599999999999	416
2449.52	410
2451.4899999999998	402
2453.4499999999998	404
2455.4200000000001	404
2457.3800000000001	388
2459.3400000000001	394
2461.3000000000002	394
2463.2600000000002	370
2465.2199999999998	388
2467.1799999999998	382
2469.1300000000001	382
2471.0900000000001	376
2473.0500000000002	370
2475	374
2476.96	356
2478.9099999999999	388
2480.8600000000001	380
2482.8099999999999	362
2484.7600000000002	358
2486.71	360
2488.6599999999999	368
2490.6100000000001	358
2492.5500000000002	354
2494.5	378
2496.4499999999998	356
2498.3899999999999	354
