102.98399999999999	19268
106.06100000000001	19276
109.136	19188
112.209	19330
115.28100000000001	19316
118.351	19192
121.42	19308
124.48699999999999	19252
127.55200000000001	19320
130.61600000000001	19356
133.679	19370
136.74000000000001	19230
139.79900000000001	19114
142.857	19246
145.91399999999999	19134
148.96899999999999	19210
152.023	19122
155.07400000000001	19128
158.124	19114
161.173	19190
164.22	19080
167.26599999999999	19194
170.31	18940
173.35300000000001	19146
176.39400000000001	19148
179.434	19214
182.47200000000001	19160
185.50899999999999	19120
188.54400000000001	19124
191.577	19090
194.61000000000001	19082
197.64099999999999	18946
200.66999999999999	19032
203.69800000000001	18880
206.72399999999999	18902
209.74799999999999	18928
212.77199999999999	18872
215.792	18820
218.81299999999999	19106
221.83199999999999	19160
224.84899999999999	19222
227.864	19206
230.87799999999999	19114
233.89099999999999	18766
236.90199999999999	18736
239.911	18690
242.91999999999999	18590
245.92599999999999	18658
248.93100000000001	18534
251.935	18646
254.93700000000001	18552
257.93799999999999	18512
260.93700000000001	18562
263.935	18374
266.93099999999998	18430
269.92599999999999	18438
272.91899999999998	18414
275.911	18412
278.90100000000001	18456
281.88999999999999	18616
284.87799999999999	18734
287.863	19100
290.84800000000001	19132
293.82999999999998	19262
296.81200000000001	19044
299.791	18778
302.76999999999998	18488
305.74700000000001	18402
308.72300000000001	18154
311.697	18112
314.66899999999998	17946
317.63999999999999	17956
320.60899999999998	17920
323.57799999999997	17858
326.54500000000002	17850
329.50999999999999	17808
332.47300000000001	17668
335.43599999999998	17550
338.39699999999999	17602
341.35599999999999	17516
344.31400000000002	17576
347.26999999999998	17508
350.22500000000002	17622
353.178	17626
356.13099999999997	17384
359.08100000000002	17500
362.03100000000001	17402
364.97800000000001	17446
367.92399999999998	17372
370.87	17292
373.81299999999999	17184
376.75400000000002	17152
379.69499999999999	17120
382.63400000000001	17060
385.57100000000003	17090
388.50700000000001	16990
391.44200000000001	17114
394.375	17058
397.30700000000002	17142
400.23700000000002	17222
403.16500000000002	17340
406.09300000000002	17358
409.01900000000001	17602
411.94400000000002	17526
414.86599999999999	17342
417.78899999999999	17200
420.709	17040
423.62700000000001	16876
426.54399999999998	16742
429.45999999999998	16718
432.375	16648
435.28800000000001	16596
438.19900000000001	16400
441.10899999999998	16356
444.01799999999997	16288
446.92599999999999	16266
449.83100000000002	16172
452.73599999999999	16286
455.63900000000001	16190
458.54000000000002	16246
461.44	16294
464.339	16260
467.23599999999999	16108
470.13200000000001	16230
473.02699999999999	16104
475.92000000000002	16102
478.81099999999998	16048
481.702	16006
484.58999999999997	16070
487.47800000000001	15988
490.36399999999998	15968
493.24799999999999	15860
496.13099999999997	15926
499.01299999999998	15826
501.89299999999997	15718
504.77199999999999	15662
507.649	15528
510.52600000000001	15512
513.39999999999998	15548
516.27300000000002	15460
519.14499999999998	15440
522.01599999999996	15296
524.88499999999999	15400
527.75199999999995	15270
530.61800000000005	15342
533.48299999999995	15320
536.34699999999998	15206
539.20799999999997	15174
542.06899999999996	15080
544.928	15048
547.78599999999994	15028
550.64200000000005	14976
553.49699999999996	14962
556.351	14748
559.20299999999997	14832
562.053	14664
564.90300000000002	14650
567.75099999999998	14674
570.59699999999998	14664
573.44200000000001	14648
576.28599999999994	14580
579.12900000000002	14592
581.97000000000003	14634
584.80999999999995	14470
587.64800000000002	14474
590.48500000000001	14536
593.32000000000005	14508
596.154	14510
598.98699999999997	14420
601.81899999999996	14440
604.649	14476
607.47699999999998	14418
610.30399999999997	14460
613.13	14458
615.95399999999995	14334
618.77700000000004	14208
621.59900000000005	14124
624.41999999999996	14010
627.23800000000006	13986
630.05600000000004	13778
632.87199999999996	13862
635.68700000000001	13736
638.5	13600
641.31299999999999	13646
644.12300000000005	13684
646.93200000000002	13548
649.74000000000001	13458
652.54700000000003	13510
655.35199999999998	13466
658.15599999999995	13354
660.95799999999997	13420
663.75999999999999	13366
666.55899999999997	13388
669.35799999999995	13310
672.15499999999997	13146
674.95000000000005	13178
677.74400000000003	13100
680.53800000000001	13014
683.32899999999995	12978
686.11900000000003	12776
688.90800000000002	12910
691.69500000000005	12808
694.48199999999997	12734
697.26700000000005	12716
700.04999999999995	12674
702.83299999999997	12608
705.61300000000006	12644
708.39300000000003	12516
711.16999999999996	12554
713.947	12504
716.72199999999998	12520
719.49599999999998	12394
722.26900000000001	12388
725.04100000000005	12438
727.80999999999995	12386
730.57899999999995	12312
733.346	12254
736.11300000000006	12212
738.87699999999995	12272
741.63999999999999	12222
744.40200000000004	12108
747.16200000000003	12126
749.92200000000003	12050
752.67999999999995	11982
755.43600000000004	11924
758.19100000000003	11930
760.94600000000003	11858
763.69799999999998	11772
766.44899999999996	11728
769.19899999999996	11820
771.947	11646
774.69500000000005	11630
777.44100000000003	11516
780.18499999999995	11524
782.92899999999997	11560
785.66999999999996	11468
788.41099999999994	11468
791.14999999999998	11418
793.88800000000003	11280
796.625	11324
799.36000000000001	11304
802.09400000000005	11252
804.82600000000002	11250
807.55799999999999	11136
810.28700000000003	11192
813.01599999999996	11222
815.74400000000003	11090
818.47000000000003	11104
821.19399999999996	11010
823.91800000000001	11038
826.63999999999999	10908
829.36099999999999	10844
832.08000000000004	10798
834.798	10770
837.51499999999999	10750
840.23099999999999	10810
842.94399999999996	10724
845.65800000000002	10676
848.37	10624
851.07899999999995	10582
853.78800000000001	10552
856.49599999999998	10588
859.202	10576
861.90700000000004	10528
864.61099999999999	10430
867.31399999999996	10390
870.01499999999999	10458
872.71500000000003	10366
875.41300000000001	10346
878.11000000000001	10204
880.80700000000002	10246
883.50099999999998	10122
886.19399999999996	10186
888.88599999999997	10132
891.577	10106
894.26599999999996	9980
896.95500000000004	10088
899.64099999999996	10022
902.327	9932
905.01099999999997	9904
907.69399999999996	9882
910.37599999999998	9878
913.05600000000004	9758
915.73599999999999	9804
918.41300000000001	9858
921.08900000000006	9710
923.76499999999999	9628
926.43799999999999	9670
929.11099999999999	9568
931.78300000000002	9594
934.45299999999997	9612
937.12199999999996	9472
939.78899999999999	9562
942.45600000000002	9446
945.12	9362
947.78399999999999	9466
950.447	9416
953.10799999999995	9322
955.76700000000005	9240
958.42600000000004	9190
961.08299999999997	9148
963.73900000000003	9052
966.39400000000001	9084
969.04700000000003	9008
971.69899999999996	9070
974.351	9034
977	8924
979.64800000000002	8950
982.29600000000005	8950
984.94200000000001	8898
987.58600000000001	8838
990.22900000000004	8900
992.87099999999998	8950
995.51199999999994	8928
998.15099999999995	8958
1000.79	9044
1003.4299999999999	9366
1006.0599999999999	9656
1008.7	9764
1011.33	9390
1013.96	8886
1016.59	8750
1019.22	8594
1021.85	8556
1024.48	8390
1027.0999999999999	8436
1029.73	8412
1032.3499999999999	8336
1034.97	8370
1037.5899999999999	8282
1040.21	8254
1042.8299999999999	8262
1045.45	8160
1048.0599999999999	8070
1050.6800000000001	8138
1053.29	8096
1055.9000000000001	8114
1058.51	8046
1061.1199999999999	8034
1063.73	7974
1066.3399999999999	8018
1068.9400000000001	8022
1071.55	7914
1074.1500000000001	7820
1076.75	7978
1079.3499999999999	7850
1081.95	7816
1084.55	7846
1087.1500000000001	7822
1089.74	7710
1092.3399999999999	7712
1094.9300000000001	7656
1097.52	7584
1100.1099999999999	7580
1102.7	7570
1105.29	7532
1107.8800000000001	7512
1110.46	7470
1113.05	7362
1115.6300000000001	7464
1118.21	7294
1120.79	7330
1123.3699999999999	7374
1125.95	7342
1128.53	7326
1131.0999999999999	7376
1133.6800000000001	7346
1136.25	7304
1138.8199999999999	7252
1141.3900000000001	7334
1143.96	7234
1146.53	7200
1149.0999999999999	7106
1151.6700000000001	7060
1154.23	7074
1156.8	7076
1159.3599999999999	6974
1161.9200000000001	7008
1164.48	6982
1167.04	6976
1169.5999999999999	6950
1172.1500000000001	6934
1174.71	6832
1177.26	6860
1179.8099999999999	6778
1182.3599999999999	6840
1184.9200000000001	6764
1187.46	6716
1190.01	6642
1192.5599999999999	6724
1195.0999999999999	6692
1197.6500000000001	6630
1200.1900000000001	6624
1202.73	6572
1205.27	6500
1207.8099999999999	6446
1210.3499999999999	6508
1212.8900000000001	6520
1215.4300000000001	6508
1217.96	6498
1220.49	6394
1223.02	6464
1225.5599999999999	6396
1228.0899999999999	6362
1230.6099999999999	6392
1233.1400000000001	6328
1235.6700000000001	6274
1238.1900000000001	6346
1240.72	6286
1243.24	6250
1245.76	6228
1248.28	6206
1250.8	6158
1253.3199999999999	6122
1255.8299999999999	6138
1258.3499999999999	6036
1260.8599999999999	6098
1263.3800000000001	6000
1265.8900000000001	6054
1268.4000000000001	5926
1270.9100000000001	5992
1273.4200000000001	5926
1275.9200000000001	5910
1278.4300000000001	5914
1280.9400000000001	5854
1283.4400000000001	5884
1285.9400000000001	5884
1288.4400000000001	5760
1290.9400000000001	5800
1293.4400000000001	5786
1295.9400000000001	5768
1298.4400000000001	5680
1300.9300000000001	5682
1303.4200000000001	5714
1305.9200000000001	5662
1308.4100000000001	5624
1310.9000000000001	5640
1313.3900000000001	5634
1315.8800000000001	5586
1318.3599999999999	5620
1320.8499999999999	5566
1323.3299999999999	5500
1325.8199999999999	5540
1328.3	5436
1330.78	5496
1333.26	5470
1335.74	5392
1338.22	5350
1340.6900000000001	5328
1343.1700000000001	5286
1345.6400000000001	5328
1348.1199999999999	5258
1350.5899999999999	5196
1353.0599999999999	5214
1355.53	5180
1358	5102
1360.46	5116
1362.9300000000001	5088
1365.4000000000001	5074
1367.8599999999999	5088
1370.3199999999999	5026
1372.78	5024
1375.24	4994
1377.7	4986
1380.1600000000001	4906
1382.6199999999999	4930
1385.0699999999999	4840
1387.53	4870
1389.98	4872
1392.4300000000001	4784
1394.8800000000001	4826
1397.3299999999999	4772
1399.78	4810
1402.23	4758
1404.6800000000001	4766
1407.1199999999999	4680
1409.5599999999999	4684
1412.01	4706
1414.45	4576
1416.8900000000001	4714
1419.3299999999999	4650
1421.77	4646
1424.2	4608
1426.6400000000001	4574
1429.0799999999999	4608
1431.51	4582
1433.9400000000001	4552
1436.3699999999999	4484
1438.8	4516
1441.23	4508
1443.6600000000001	4470
1446.0899999999999	4456
1448.51	4532
1450.9400000000001	4460
1453.3599999999999	4408
1455.78	4416
1458.2	4402
1460.6199999999999	4398
1463.04	4352
1465.46	4368
1467.8800000000001	4396
1470.29	4344
1472.71	4292
1475.1199999999999	4304
1477.53	4298
1479.9400000000001	4290
1482.3499999999999	4264
1484.76	4226
1487.1700000000001	4258
1489.5799999999999	4224
1491.98	4244
1494.3900000000001	4164
1496.79	4226
1499.1900000000001	4200
1501.5899999999999	4150
1503.99	4136
1506.3900000000001	4134
1508.79	4156
1511.1800000000001	4056
1513.5799999999999	4124
1515.97	4072
1518.3699999999999	4090
1520.76	4056
1523.1500000000001	4040
1525.54	4056
1527.9300000000001	4010
1530.3099999999999	4040
1532.7	3910
1535.0899999999999	3912
1537.47	3942
1539.8499999999999	3938
1542.23	3970
1544.6099999999999	3896
1546.99	3896
1549.3699999999999	3890
1551.75	3840
1554.1300000000001	3896
1556.5	3850
1558.8699999999999	3808
1561.25	3826
1563.6199999999999	3794
1565.99	3778
1568.3599999999999	3810
1570.73	3772
1573.0999999999999	3752
1575.46	3720
1577.8299999999999	3726
1580.1900000000001	3730
1582.55	3674
1584.9200000000001	3686
1587.28	3706
1589.6400000000001	3618
1591.99	3672
1594.3499999999999	3654
1596.71	3618
1599.0599999999999	3622
1601.4200000000001	3548
1603.77	3628
1606.1199999999999	3572
1608.47	3486
1610.8199999999999	3520
1613.1700000000001	3484
1615.52	3540
1617.8699999999999	3522
1620.21	3526
1622.5599999999999	3464
1624.9000000000001	3482
1627.24	3468
1629.5799999999999	3430
1631.9200000000001	3404
1634.26	3444
1636.5999999999999	3384
1638.9300000000001	3388
1641.27	3326
1643.5999999999999	3384
1645.9400000000001	3340
1648.27	3320
1650.5999999999999	3272
1652.9300000000001	3328
1655.26	3282
1657.5899999999999	3274
1659.9200000000001	3244
1662.24	3248
1664.5699999999999	3194
1666.8900000000001	3264
1669.21	3218
1671.53	3196
1673.8499999999999	3176
1676.1700000000001	3164
1678.49	3134
1680.8099999999999	3146
1683.1300000000001	3190
1685.4400000000001	3102
1687.75	3088
1690.0699999999999	3056
1692.3800000000001	3096
1694.6900000000001	3062
1697	3082
1699.3099999999999	3060
1701.6199999999999	3020
1703.9200000000001	2992
1706.23	3018
1708.53	3020
1710.8399999999999	3026
1713.1400000000001	2962
1715.4400000000001	2950
1717.74	2926
1720.04	2882
1722.3299999999999	2888
1724.6300000000001	2874
1726.9300000000001	2878
1729.22	2842
1731.52	2858
1733.8099999999999	2802
1736.0999999999999	2832
1738.3900000000001	2762
1740.6800000000001	2808
1742.97	2780
1745.26	2758
1747.54	2750
1749.8299999999999	2708
1752.1099999999999	2724
1754.3900000000001	2748
1756.6800000000001	2676
1758.96	2686
1761.24	2690
1763.52	2688
1765.79	2638
1768.0699999999999	2632
1770.3499999999999	2592
1772.6199999999999	2580
1774.8900000000001	2602
1777.1700000000001	2586
1779.4400000000001	2564
1781.71	2528
1783.98	2542
1786.25	2526
1788.51	2522
1790.78	2480
1793.04	2462
1795.3099999999999	2484
1797.5699999999999	2478
1799.8299999999999	2442
1802.0899999999999	2424
1804.3499999999999	2450
1806.6099999999999	2418
1808.8699999999999	2396
1811.1300000000001	2376
1813.3800000000001	2366
1815.6400000000001	2402
1817.8900000000001	2342
1820.1400000000001	2334
1822.4000000000001	2300
1824.6500000000001	2324
1826.9000000000001	2276
1829.1400000000001	2282
1831.3900000000001	2280
1833.6400000000001	2284
1835.8800000000001	2254
1838.1300000000001	2244
1840.3699999999999	2236
1842.6099999999999	2190
1844.8499999999999	2210
1847.0899999999999	2180
1849.3299999999999	2214
1851.5699999999999	2176
1853.8099999999999	2184
1856.05	2164
1858.28	2098
1860.51	2136
1862.75	2132
1864.98	2108
1867.21	2120
1869.4400000000001	2094
1871.6700000000001	2080
1873.9000000000001	2102
1876.1199999999999	2046
1878.3499999999999	2070
1880.5699999999999	2036
1882.8	2042
1885.02	2008
1887.24	1974
1889.46	1984
1891.6800000000001	2016
1893.9000000000001	2008
1896.1199999999999	1952
1898.3399999999999	1928
1900.55	1936
1902.77	1896
1904.98	1890
1907.1900000000001	1908
1909.4000000000001	1876
1911.6099999999999	1922
1913.8199999999999	1862
1916.03	1880
1918.24	1842
1920.4400000000001	1868
1922.6500000000001	1816
1924.8499999999999	1864
1927.0599999999999	1834
1929.26	1818
1931.46	1834
1933.6600000000001	1762
1935.8599999999999	1788
1938.0599999999999	1732
1940.26	1780
1942.45	1736
1944.6500000000001	1780
1946.8399999999999	1718
1949.04	1736
1951.23	1732
1953.4200000000001	1696
1955.6099999999999	1680
1957.8	1696
1959.99	1670
1962.1700000000001	1658
1964.3599999999999	1686
1966.55	1640
1968.73	1636
1970.9100000000001	1630
1973.0999999999999	1620
1975.28	1594
1977.46	1578
1979.6400000000001	1590
1981.8099999999999	1566
1983.99	1558
1986.1700000000001	1556
1988.3399999999999	1556
1990.52	1560
1992.6900000000001	1524
1994.8599999999999	1540
1997.03	1528
1999.2	1504
2001.3699999999999	1478
2003.54	1486
2005.71	1482
2007.8800000000001	1482
2010.04	1462
2012.21	1442
2014.3699999999999	1442
2016.53	1434
2018.6900000000001	1436
2020.8499999999999	1406
2023.01	1414
2025.1700000000001	1408
2027.3299999999999	1390
2029.48	1392
2031.6400000000001	1390
2033.79	1348
2035.95	1344
2038.0999999999999	1382
2040.25	1358
2042.4000000000001	1372
2044.55	1328
2046.7	1290
2048.8499999999999	1292
2050.9899999999998	1336
2053.1399999999999	1304
2055.2800000000002	1294
2057.4299999999998	1286
2059.5700000000002	1284
2061.71	1280
2063.8499999999999	1228
2065.9899999999998	1242
2068.1300000000001	1254
2070.27	1210
2072.4099999999999	1238
2074.54	1220
2076.6799999999998	1204
2078.8099999999999	1214
2080.9400000000001	1206
2083.0799999999999	1210
2085.21	1200
2087.3400000000001	1166
2089.4699999999998	1180
2091.5900000000001	1156
2093.7199999999998	1184
2095.8499999999999	1170
2097.9699999999998	1154
2100.0999999999999	1156
2102.2199999999998	1108
2104.3400000000001	1134
2106.46	1126
2108.5799999999999	1122
2110.6999999999998	1106
2112.8200000000002	1120
2114.9400000000001	1076
2117.0500000000002	1082
2119.1700000000001	1076
2121.2800000000002	1078
2123.4000000000001	1078
2125.5100000000002	1066
2127.6199999999999	1068
2129.73	1032
2131.8400000000001	1022
2133.9499999999998	1026
2136.0599999999999	1034
2138.1700000000001	1020
2140.27	1002
2142.3800000000001	1012
2144.48	986
2146.5799999999999	994
2148.6900000000001	986
2150.79	936
2152.8899999999999	978
2154.9899999999998	970
2157.0799999999999	970
2159.1799999999998	948
2161.2800000000002	944
2163.3699999999999	926
2165.4699999999998	944
2167.5599999999999	946
2169.6500000000001	938
2171.7399999999998	932
2173.8400000000001	962
2175.9299999999998	902
2178.0100000000002	898
2180.0999999999999	920
2182.1900000000001	890
2184.27	872
2186.3600000000001	894
2188.4400000000001	884
2190.5300000000002	866
2192.6100000000001	894
2194.6900000000001	878
2196.77	872
2198.8499999999999	842
2200.9299999999998	842
2203	860
2205.0799999999999	824
2207.1599999999999	854
2209.23	824
2211.3000000000002	828
2213.3800000000001	844
2215.4499999999998	838
2217.52	796
2219.5900000000001	796
2221.6599999999999	798
2223.73	788
2225.79	800
2227.8600000000001	764
2229.9200000000001	788
2231.9899999999998	768
2234.0500000000002	760
2236.1100000000001	750
2238.1799999999998	752
2240.2399999999998	750
2242.3000000000002	770
2244.3499999999999	726
2246.4099999999999	736
2248.4699999999998	764
2250.52	748
2252.5799999999999	712
2254.6300000000001	714
2256.6900000000001	712
2258.7399999999998	726
2260.79	724
2262.8400000000001	706
2264.8899999999999	698
2266.9400000000001	680
2268.98	692
2271.0300000000002	684
2273.0799999999999	674
2275.1199999999999	676
2277.1599999999999	690
2279.21	670
2281.25	668
2283.29	658
2285.3299999999999	650
2287.3699999999999	656
2289.4099999999999	672
2291.4499999999998	636
2293.48	648
2295.52	646
2297.5500000000002	624
2299.5799999999999	640
2301.6199999999999	616
2303.6500000000001	614
2305.6799999999998	622
2307.71	626
2309.7399999999998	584
2311.77	614
2313.79	608
2315.8200000000002	600
2317.8499999999999	612
2319.8699999999999	596
2321.8899999999999	600
2323.9200000000001	590
2325.9400000000001	566
2327.96	596
2329.98	576
2332	582
2334.02	578
2336.0300000000002	566
2338.0500000000002	578
2340.0599999999999	562
2342.0799999999999	556
2344.0900000000001	550
2346.1100000000001	556
2348.1199999999999	564
2350.1300000000001	524
2352.1399999999999	528
2354.1500000000001	542
2356.1500000000001	532
2358.1599999999999	538
2360.1700000000001	526
2362.1700000000001	522
2364.1799999999998	532
2366.1799999999998	510
2368.1799999999998	498
2370.1900000000001	514
2372.1900000000001	502
2374.1900000000001	486
2376.1900000000001	510
2378.1799999999998	488
2380.1799999999998	484
2382.1799999999998	488
2384.1700000000001	474
2386.1700000000001	478
2388.1599999999999	486
2390.1500000000001	472
2392.1500000000001	466
2394.1399999999999	462
2396.1300000000001	462
2398.1199999999999	454
2400.0999999999999	470
2402.0900000000001	462
2404.0799999999999	446
2406.0599999999999	448
2408.0500000000002	446
2410.0300000000002	456
2412.02	444
2414	424
2415.98	436
2417.96	434
2419.9400000000001	436
2421.9200000000001	412
2423.8899999999999	432
2425.8699999999999	418
2427.8499999999999	414
2429.8200000000002	412
2431.8000000000002	400
2433.77	408
2435.7399999999998	400
2437.71	400
2439.6799999999998	400
2441.6500000000001	402
2443.6199999999999	398
2445.5900000000001	400
2447.5599999999999	392
2449.52	392
2451.4899999999998	394
2453.4499999999998	394
2455.4200000000001	388
2457.3800000000001	386
2459.3400000000001	382
2461.3000000000002	374
2463.2600000000002	370
2465.2199999999998	366
2467.1799999999998	374
2469.1300000000001	364
2471.0900000000001	360
2473.0500000000002	368
2475	356
2476.96	354
2478.9099999999999	344
2480.8600000000001	360
2482.8099999999999	342
2484.7600000000002	340
2486.71	346
2488.6599999999999	338
2490.6100000000001	338
2492.5500000000002	330
2494.5	320
2496.4499999999998	340
2498.3899999999999	322
