102.98399999999999	19352
106.06100000000001	19400
109.136	19404
112.209	19464
115.28100000000001	19392
118.351	19330
121.42	19376
124.48699999999999	19392
127.55200000000001	19452
130.61600000000001	19438
133.679	19334
136.74000000000001	19190
139.79900000000001	19366
142.857	19288
145.91399999999999	19264
148.96899999999999	19206
152.023	19318
155.07400000000001	19196
158.124	19132
161.173	19324
164.22	19256
167.26599999999999	19210
170.31	19228
173.35300000000001	19240
176.39400000000001	19172
179.434	19192
182.47200000000001	19114
185.50899999999999	19290
188.54400000000001	19228
191.577	19188
194.61000000000001	19006
197.64099999999999	19166
200.66999999999999	19132
203.69800000000001	19066
206.72399999999999	19020
209.74799999999999	19066
212.77199999999999	18970
215.792	19090
218.81299999999999	19336
221.83199999999999	19738
224.84899999999999	19876
227.864	19738
230.87799999999999	19488
233.89099999999999	19084
236.90199999999999	18960
239.911	18876
242.91999999999999	18904
245.92599999999999	18900
248.93100000000001	18826
251.935	18818
254.93700000000001	18682
257.93799999999999	18592
260.93700000000001	18668
263.935	18584
266.93099999999998	18652
269.92599999999999	18558
272.91899999999998	18556
275.911	18676
278.90100000000001	18672
281.88999999999999	18784
284.87799999999999	19250
287.863	19986
290.84800000000001	20494
293.82999999999998	20654
296.81200000000001	20340
299.791	19808
302.76999999999998	19264
305.74700000000001	18918
308.72300000000001	18578
311.697	18300
314.66899999999998	18220
317.63999999999999	18192
320.60899999999998	18058
323.57799999999997	17994
326.54500000000002	17906
329.50999999999999	17886
332.47300000000001	17738
335.43599999999998	17786
338.39699999999999	17754
341.35599999999999	17608
344.31400000000002	17636
347.26999999999998	17710
350.22500000000002	17578
353.178	17570
356.13099999999997	17562
359.08100000000002	17568
362.03100000000001	17554
364.97800000000001	17542
367.92399999999998	17488
370.87	17292
373.81299999999999	17368
376.75400000000002	17230
379.69499999999999	17204
382.63400000000001	17132
385.57100000000003	17048
388.50700000000001	17218
391.44200000000001	17150
394.375	17096
397.30700000000002	17196
400.23700000000002	17334
403.16500000000002	17466
406.09300000000002	17934
409.01900000000001	18234
411.94400000000002	18320
414.86599999999999	18150
417.78899999999999	17770
420.709	17370
423.62700000000001	17000
426.54399999999998	16860
429.45999999999998	16716
432.375	16602
435.28800000000001	16442
438.19900000000001	16440
441.10899999999998	16348
444.01799999999997	16324
446.92599999999999	16286
449.83100000000002	16292
452.73599999999999	16308
455.63900000000001	16100
458.54000000000002	16102
461.44	16124
464.339	16000
467.23599999999999	16056
470.13200000000001	16042
473.02699999999999	16034
475.92000000000002	15968
478.81099999999998	15968
481.702	15950
484.58999999999997	15966
487.47800000000001	15882
490.36399999999998	16000
493.24799999999999	15966
496.13099999999997	15926
499.01299999999998	15844
501.89299999999997	15784
504.77199999999999	15600
507.649	15392
510.52600000000001	15532
513.39999999999998	15348
516.27300000000002	15368
519.14499999999998	15300
522.01599999999996	15254
524.88499999999999	15132
527.75199999999995	15162
530.61800000000005	15228
533.48299999999995	15074
536.34699999999998	15174
539.20799999999997	15042
542.06899999999996	15016
544.928	15036
547.78599999999994	14844
550.64200000000005	14864
553.49699999999996	14928
556.351	14762
559.20299999999997	14728
562.053	14758
564.90300000000002	14710
567.75099999999998	14502
570.59699999999998	14576
573.44200000000001	14502
576.28599999999994	14528
579.12900000000002	14440
581.97000000000003	14438
584.80999999999995	14514
587.64800000000002	14446
590.48500000000001	14370
593.32000000000005	14596
596.154	14458
598.98699999999997	14432
601.81899999999996	14510
604.649	14578
607.47699999999998	14628
610.30399999999997	14674
613.13	14706
615.95399999999995	14562
618.77700000000004	14472
621.59900000000005	14186
624.41999999999996	14042
627.23800000000006	13928
630.05600000000004	13734
632.87199999999996	13724
635.68700000000001	13648
638.5	13588
641.31299999999999	13690
644.12300000000005	13594
646.93200000000002	13534
649.74000000000001	13500
652.54700000000003	13386
655.35199999999998	13522
658.15599999999995	13288
660.95799999999997	13286
663.75999999999999	13360
666.55899999999997	13400
669.35799999999995	13358
672.15499999999997	13174
674.95000000000005	13142
677.74400000000003	13010
680.53800000000001	13068
683.32899999999995	12832
686.11900000000003	12834
688.90800000000002	12858
691.69500000000005	12818
694.48199999999997	12692
697.26700000000005	12652
700.04999999999995	12608
702.83299999999997	12564
705.61300000000006	12558
708.39300000000003	12492
711.16999999999996	12432
713.947	12488
716.72199999999998	12516
719.49599999999998	12320
722.26900000000001	12296
725.04100000000005	12256
727.80999999999995	12332
730.57899999999995	12190
733.346	12140
736.11300000000006	12214
738.87699999999995	12202
741.63999999999999	12192
744.40200000000004	12116
747.16200000000003	12028
749.92200000000003	11972
752.67999999999995	11924
755.43600000000004	11934
758.19100000000003	11830
760.94600000000003	11804
763.69799999999998	11728
766.44899999999996	11706
769.19899999999996	11652
771.947	11514
774.69500000000005	11580
777.44100000000003	11420
780.18499999999995	11536
782.92899999999997	11466
785.66999999999996	11494
788.41099999999994	11408
791.14999999999998	11516
793.88800000000003	11322
796.625	11348
799.36000000000001	11324
802.09400000000005	11240
804.82600000000002	11166
807.55799999999999	11190
810.28700000000003	11134
813.01599999999996	11078
815.74400000000003	10998
818.47000000000003	11042
821.19399999999996	11048
823.91800000000001	10868
826.63999999999999	10886
829.36099999999999	10872
832.08000000000004	10814
834.798	10714
837.51499999999999	10784
840.23099999999999	10736
842.94399999999996	10590
845.65800000000002	10558
848.37	10674
851.07899999999995	10578
853.78800000000001	10544
856.49599999999998	10484
859.202	10500
861.90700000000004	10466
864.61099999999999	10476
867.31399999999996	10464
870.01499999999999	10374
872.71500000000003	10394
875.41300000000001	10288
878.11000000000001	10270
880.80700000000002	10266
883.50099999999998	10182
886.19399999999996	10150
888.88599999999997	10158
891.577	10112
894.26599999999996	10088
896.95500000000004	10012
899.64099999999996	9996
902.327	10094
905.01099999999997	9992
907.69399999999996	9906
910.37599999999998	9770
913.05600000000004	9888
915.73599999999999	9852
918.41300000000001	9846
921.08900000000006	9792
923.76499999999999	9710
926.43799999999999	9684
929.11099999999999	9600
931.78300000000002	9710
934.45299999999997	9572
937.12199999999996	9528
939.78899999999999	9492
942.45600000000002	9410
945.12	9416
947.78399999999999	9372
950.447	9504
953.10799999999995	9344
955.76700000000005	9290
958.42600000000004	9256
961.08299999999997	9152
963.73900000000003	9136
966.39400000000001	9108
969.04700000000003	9082
971.69899999999996	9070
974.351	9040
977	8986
979.64800000000002	8952
982.29600000000005	9030
984.94200000000001	8886
987.58600000000001	8902
990.22900000000004	8872
992.87099999999998	8884
995.51199999999994	8914
998.15099999999995	9030
1000.79	9218
1003.4299999999999	9534
1006.0599999999999	9960
1008.7	10138
1011.33	9696
1013.96	9024
1016.59	8820
1019.22	8640
1021.85	8534
1024.48	8514
1027.0999999999999	8466
1029.73	8480
1032.3499999999999	8464
1034.97	8408
1037.5899999999999	8330
1040.21	8350
1042.8299999999999	8296
1045.45	8240
1048.0599999999999	8216
1050.6800000000001	8178
1053.29	8182
1055.9000000000001	8158
1058.51	8090
1061.1199999999999	8052
1063.73	8078
1066.3399999999999	8088
1068.9400000000001	8004
1071.55	7936
1074.1500000000001	7910
1076.75	7916
1079.3499999999999	7912
1081.95	7844
1084.55	7852
1087.1500000000001	7822
1089.74	7776
1092.3399999999999	7700
1094.9300000000001	7688
1097.52	7684
1100.1099999999999	7644
1102.7	7684
1105.29	7672
1107.8800000000001	7596
1110.46	7514
1113.05	7530
1115.6300000000001	7586
1118.21	7442
1120.79	7408
1123.3699999999999	7490
1125.95	7368
1128.53	7474
1131.0999999999999	7444
1133.6800000000001	7434
1136.25	7448
1138.8199999999999	7370
1141.3900000000001	7382
1143.96	7346
1146.53	7258
1149.0999999999999	7272
1151.6700000000001	7236
1154.23	7158
1156.8	7224
1159.3599999999999	7082
1161.9200000000001	7108
1164.48	7046
1167.04	7076
1169.5999999999999	7080
1172.1500000000001	6980
1174.71	6950
1177.26	6924
1179.8099999999999	6870
1182.3599999999999	6932
1184.9200000000001	6842
1187.46	6858
1190.01	6788
1192.5599999999999	6818
1195.0999999999999	6702
1197.6500000000001	6746
1200.1900000000001	6684
1202.73	6574
1205.27	6578
1207.8099999999999	6592
1210.3499999999999	6572
1212.8900000000001	6650
1215.4300000000001	6570
1217.96	6622
1220.49	6610
1223.02	6604
1225.5599999999999	6542
1228.0899999999999	6576
1230.6099999999999	6500
1233.1400000000001	6446
1235.6700000000001	6386
1238.1900000000001	6370
1240.72	6378
1243.24	6326
1245.76	6262
1248.28	6314
1250.8	6310
1253.3199999999999	6266
1255.8299999999999	6224
1258.3499999999999	6228
1260.8599999999999	6206
1263.3800000000001	6160
1265.8900000000001	6086
1268.4000000000001	6102
1270.9100000000001	6082
1273.4200000000001	6042
1275.9200000000001	6080
1278.4300000000001	6086
1280.9400000000001	5996
1283.4400000000001	5962
1285.9400000000001	6004
1288.4400000000001	5926
1290.9400000000001	5934
1293.4400000000001	5870
1295.9400000000001	5894
1298.4400000000001	5908
1300.9300000000001	5824
1303.4200000000001	5804
1305.9200000000001	5844
1308.4100000000001	5792
1310.9000000000001	5790
1313.3900000000001	5756
1315.8800000000001	5754
1318.3599999999999	5740
1320.8499999999999	5694
1323.3299999999999	5712
1325.8199999999999	5584
1328.3	5586
1330.78	5518
1333.26	5612
1335.74	5570
1338.22	5502
1340.6900000000001	5524
1343.1700000000001	5476
1345.6400000000001	5486
1348.1199999999999	5422
1350.5899999999999	5402
1353.0599999999999	5342
1355.53	5372
1358	5338
1360.46	5300
1362.9300000000001	5298
1365.4000000000001	5242
1367.8599999999999	5232
1370.3199999999999	5152
1372.78	5222
1375.24	5110
1377.7	5092
1380.1600000000001	5020
1382.6199999999999	5078
1385.0699999999999	4928
1387.53	4950
1389.98	4988
1392.4300000000001	4928
1394.8800000000001	4988
1397.3299999999999	4904
1399.78	4880
1402.23	4920
1404.6800000000001	4864
1407.1199999999999	4898
1409.5599999999999	4838
1412.01	4846
1414.45	4742
1416.8900000000001	4774
1419.3299999999999	4742
1421.77	4768
1424.2	4764
1426.6400000000001	4706
1429.0799999999999	4680
1431.51	4692
1433.9400000000001	4682
1436.3699999999999	4626
1438.8	4606
1441.23	4598
1443.6600000000001	4600
1446.0899999999999	4650
1448.51	4602
1450.9400000000001	4524
1453.3599999999999	4560
1455.78	4522
1458.2	4526
1460.6199999999999	4478
1463.04	4518
1465.46	4522
1467.8800000000001	4454
1470.29	4450
1472.71	4420
1475.1199999999999	4442
1477.53	4430
1479.9400000000001	4376
1482.3499999999999	4392
1484.76	4386
1487.1700000000001	4284
1489.5799999999999	4384
1491.98	4350
1494.3900000000001	4314
1496.79	4312
1499.1900000000001	4306
1501.5899999999999	4290
1503.99	4300
1506.3900000000001	4226
1508.79	4246
1511.1800000000001	4220
1513.5799999999999	4274
1515.97	4204
1518.3699999999999	4196
1520.76	4234
1523.1500000000001	4158
1525.54	4208
1527.9300000000001	4098
1530.3099999999999	4120
1532.7	4070
1535.0899999999999	4102
1537.47	4082
1539.8499999999999	4054
1542.23	4056
1544.6099999999999	4042
1546.99	4034
1549.3699999999999	4056
1551.75	3960
1554.1300000000001	3986
1556.5	3972
1558.8699999999999	3928
1561.25	3954
1563.6199999999999	3920
1565.99	3858
1568.3599999999999	3918
1570.73	3938
1573.0999999999999	3862
1575.46	3838
1577.8299999999999	3812
1580.1900000000001	3762
1582.55	3832
1584.9200000000001	3768
1587.28	3742
1589.6400000000001	3820
1591.99	3734
1594.3499999999999	3710
1596.71	3756
1599.0599999999999	3776
1601.4200000000001	3724
1603.77	3684
1606.1199999999999	3678
1608.47	3656
1610.8199999999999	3630
1613.1700000000001	3698
1615.52	3656
1617.8699999999999	3624
1620.21	3596
1622.5599999999999	3616
1624.9000000000001	3570
1627.24	3588
1629.5799999999999	3556
1631.9200000000001	3542
1634.26	3508
1636.5999999999999	3502
1638.9300000000001	3472
1641.27	3466
1643.5999999999999	3510
1645.9400000000001	3398
1648.27	3466
1650.5999999999999	3412
1652.9300000000001	3444
1655.26	3368
1657.5899999999999	3372
1659.9200000000001	3376
1662.24	3368
1664.5699999999999	3364
1666.8900000000001	3366
1669.21	3362
1671.53	3324
1673.8499999999999	3290
1676.1700000000001	3266
1678.49	3300
1680.8099999999999	3270
1683.1300000000001	3286
1685.4400000000001	3222
1687.75	3248
1690.0699999999999	3208
1692.3800000000001	3256
1694.6900000000001	3190
1697	3176
1699.3099999999999	3140
1701.6199999999999	3162
1703.9200000000001	3148
1706.23	3156
1708.53	3138
1710.8399999999999	3116
1713.1400000000001	3110
1715.4400000000001	3096
1717.74	3128
1720.04	3030
1722.3299999999999	3018
1724.6300000000001	3010
1726.9300000000001	2992
1729.22	3044
1731.52	2944
1733.8099999999999	3030
1736.0999999999999	2916
1738.3900000000001	2920
1740.6800000000001	2916
1742.97	2884
1745.26	2870
1747.54	2896
1749.8299999999999	2806
1752.1099999999999	2826
1754.3900000000001	2838
1756.6800000000001	2874
1758.96	2822
1761.24	2812
1763.52	2792
1765.79	2740
1768.0699999999999	2712
1770.3499999999999	2688
1772.6199999999999	2698
1774.8900000000001	2712
1777.1700000000001	2730
1779.4400000000001	2654
1781.71	2672
1783.98	2656
1786.25	2628
1788.51	2662
1790.78	2620
1793.04	2650
1795.3099999999999	2630
1797.5699999999999	2584
1799.8299999999999	2580
1802.0899999999999	2554
1804.3499999999999	2520
1806.6099999999999	2514
1808.8699999999999	2510
1811.1300000000001	2502
1813.3800000000001	2498
1815.6400000000001	2452
1817.8900000000001	2472
1820.1400000000001	2452
1822.4000000000001	2430
1824.6500000000001	2418
1826.9000000000001	2416
1829.1400000000001	2394
1831.3900000000001	2392
1833.6400000000001	2358
1835.8800000000001	2316
1838.1300000000001	2390
1840.3699999999999	2332
1842.6099999999999	2322
1844.8499999999999	2304
1847.0899999999999	2272
1849.3299999999999	2264
1851.5699999999999	2294
1853.8099999999999	2254
1856.05	2256
1858.28	2234
1860.51	2264
1862.75	2274
1864.98	2214
1867.21	2212
1869.4400000000001	2206
1871.6700000000001	2154
1873.9000000000001	2194
1876.1199999999999	2178
1878.3499999999999	2154
1880.5699999999999	2138
1882.8	2168
1885.02	2116
1887.24	2106
1889.46	2080
1891.6800000000001	2110
1893.9000000000001	2084
1896.1199999999999	2002
1898.3399999999999	2050
1900.55	2052
1902.77	1998
1904.98	1980
1907.1900000000001	1998
1909.4000000000001	1952
1911.6099999999999	1962
1913.8199999999999	1954
1916.03	1964
1918.24	1940
1920.4400000000001	1960
1922.6500000000001	1932
1924.8499999999999	1898
1927.0599999999999	1900
1929.26	1906
1931.46	1928
1933.6600000000001	1888
1935.8599999999999	1850
1938.0599999999999	1884
1940.26	1886
1942.45	1832
1944.6500000000001	1860
1946.8399999999999	1858
1949.04	1796
1951.23	1826
1953.4200000000001	1802
1955.6099999999999	1784
1957.8	1750
1959.99	1792
1962.1700000000001	1760
1964.3599999999999	1732
1966.55	1750
1968.73	1742
1970.9100000000001	1754
1973.0999999999999	1704
1975.28	1718
1977.46	1726
1979.6400000000001	1660
1981.8099999999999	1698
1983.99	1648
1986.1700000000001	1632
1988.3399999999999	1622
1990.52	1626
1992.6900000000001	1614
1994.8599999999999	1594
1997.03	1608
1999.2	1600
2001.3699999999999	1582
2003.54	1574
2005.71	1550
2007.8800000000001	1560
2010.04	1558
2012.21	1508
2014.3699999999999	1514
2016.53	1518
2018.6900000000001	1526
2020.8499999999999	1496
2023.01	1508
2025.1700000000001	1526
2027.3299999999999	1454
2029.48	1442
2031.6400000000001	1446
2033.79	1450
2035.95	1412
2038.0999999999999	1426
2040.25	1416
2042.4000000000001	1436
2044.55	1432
2046.7	1392
2048.8499999999999	1380
2050.9899999999998	1402
2053.1399999999999	1344
2055.2800000000002	1420
2057.4299999999998	1340
2059.5700000000002	1362
2061.71	1336
2063.8499999999999	1328
2065.9899999999998	1336
2068.1300000000001	1322
2070.27	1320
2072.4099999999999	1298
2074.54	1278
2076.6799999999998	1306
2078.8099999999999	1288
2080.9400000000001	1252
2083.0799999999999	1274
2085.21	1260
2087.3400000000001	1286
2089.4699999999998	1232
2091.5900000000001	1258
2093.7199999999998	1222
2095.8499999999999	1238
2097.9699999999998	1238
2100.0999999999999	1206
2102.2199999999998	1188
2104.3400000000001	1186
2106.46	1200
2108.5799999999999	1186
2110.6999999999998	1176
2112.8200000000002	1196
2114.9400000000001	1164
2117.0500000000002	1162
2119.1700000000001	1162
2121.2800000000002	1142
2123.4000000000001	1134
2125.5100000000002	1116
2127.6199999999999	1110
2129.73	1094
2131.8400000000001	1102
2133.9499999999998	1092
2136.0599999999999	1088
2138.1700000000001	1110
2140.27	1050
2142.3800000000001	1058
2144.48	1062
2146.5799999999999	1084
2148.6900000000001	1084
2150.79	1068
2152.8899999999999	1026
2154.9899999999998	1038
2157.0799999999999	1066
2159.1799999999998	1034
2161.2800000000002	996
2163.3699999999999	1008
2165.4699999999998	1022
2167.5599999999999	1002
2169.6500000000001	1002
2171.7399999999998	1014
2173.8400000000001	1018
2175.9299999999998	988
2178.0100000000002	990
2180.0999999999999	966
2182.1900000000001	932
2184.27	974
2186.3600000000001	964
2188.4400000000001	968
2190.5300000000002	940
2192.6100000000001	938
2194.6900000000001	936
2196.77	940
2198.8499999999999	926
2200.9299999999998	930
2203	924
2205.0799999999999	920
2207.1599999999999	918
2209.23	906
2211.3000000000002	892
2213.3800000000001	896
2215.4499999999998	856
2217.52	892
2219.5900000000001	870
2221.6599999999999	880
2223.73	854
2225.79	864
2227.8600000000001	832
2229.9200000000001	840
2231.9899999999998	842
2234.0500000000002	842
2236.1100000000001	814
2238.1799999999998	818
2240.2399999999998	826
2242.3000000000002	808
2244.3499999999999	820
2246.4099999999999	804
2248.4699999999998	818
2250.52	800
2252.5799999999999	782
2254.6300000000001	764
2256.6900000000001	764
2258.7399999999998	796
2260.79	756
2262.8400000000001	762
2264.8899999999999	778
2266.9400000000001	762
2268.98	750
2271.0300000000002	738
2273.0799999999999	750
2275.1199999999999	734
2277.1599999999999	742
2279.21	710
2281.25	712
2283.29	738
2285.3299999999999	712
2287.3699999999999	710
2289.4099999999999	732
2291.4499999999998	692
2293.48	682
2295.52	708
2297.5500000000002	700
2299.5799999999999	694
2301.6199999999999	680
2303.6500000000001	676
2305.6799999999998	656
2307.71	662
2309.7399999999998	670
2311.77	670
2313.79	676
2315.8200000000002	656
2317.8499999999999	660
2319.8699999999999	634
2321.8899999999999	632
2323.9200000000001	650
2325.9400000000001	622
2327.96	638
2329.98	644
2332	618
2334.02	624
2336.0300000000002	608
2338.0500000000002	614
2340.0599999999999	624
2342.0799999999999	594
2344.0900000000001	626
2346.1100000000001	602
2348.1199999999999	618
2350.1300000000001	590
2352.1399999999999	592
2354.1500000000001	610
2356.1500000000001	568
2358.1599999999999	576
2360.1700000000001	580
2362.1700000000001	582
2364.1799999999998	590
2366.1799999999998	572
2368.1799999999998	572
2370.1900000000001	554
2372.1900000000001	560
2374.1900000000001	542
2376.1900000000001	536
2378.1799999999998	550
2380.1799999999998	556
2382.1799999999998	512
2384.1700000000001	540
2386.1700000000001	558
2388.1599999999999	520
2390.1500000000001	534
2392.1500000000001	506
2394.1399999999999	510
2396.1300000000001	510
2398.1199999999999	514
2400.0999999999999	514
2402.0900000000001	506
2404.0799999999999	496
2406.0599999999999	498
2408.0500000000002	502
2410.0300000000002	504
2412.02	488
2414	490
2415.98	464
2417.96	484
2419.9400000000001	500
2421.9200000000001	462
2423.8899999999999	478
2425.8699999999999	482
2427.8499999999999	462
2429.8200000000002	450
2431.8000000000002	456
2433.77	466
2435.7399999999998	462
2437.71	452
2439.6799999999998	466
2441.6500000000001	460
2443.6199999999999	452
2445.5900000000001	440
2447.5599999999999	456
2449.52	436
2451.4899999999998	434
2453.4499999999998	414
2455.4200000000001	428
2457.3800000000001	424
2459.3400000000001	426
2461.3000000000002	422
2463.2600000000002	430
2465.2199999999998	416
2467.1799999999998	404
2469.1300000000001	404
2471.0900000000001	414
2473.0500000000002	418
2475	402
2476.96	400
2478.9099999999999	396
2480.8600000000001	402
2482.8099999999999	400
2484.7600000000002	410
2486.71	390
2488.6599999999999	394
2490.6100000000001	386
2492.5500000000002	382
2494.5	386
2496.4499999999998	374
2498.3899999999999	374
